2.1 -1.05 2 0
2.1 -1 2 0
2.15 -0.95 2 0
2.15 -0.95 2 0
2.5 -0.65 2 0
2.55 -0.65 2 0
2.55 -0.65 2 0
2.65 -0.6 2 0
2.65 -0.6 2 0
2.75 -0.55 2 0
2.8 -0.55 2 0
2.85 -0.55 2 0
2.9 -0.55 2 0
2.9 -0.55 2 0
3 -0.5 2 0
3.05 -0.5 2 0
3.1 -0.5 2 0
3.1 -0.5 2 0
3.2 -0.45 2 0
3.25 -0.45 2 0
3.25 -0.45 2 0
3.35 -0.4 2 0
3.4 -0.4 2 0
3.4 -0.4 2 0
3.5 -0.35 2 0
3.55 -0.35 2 0
3.6 -0.35 2 0
3.65 -0.35 2 0
3.7 -0.35 2 0
3.75 -0.35 2 0
3.8 -0.35 2 0
3.85 -0.35 2 0
3.95 -0.4 2 0
3.95 -0.4 2 0
4 -0.4 2 0
4.05 -0.4 2 0
4.15 -0.45 2 0
4.15 -0.45 2 0
4.25 -0.5 2 0
4.25 -0.5 2 0
4.35 -0.55 2 0
4.35 -0.55 2 0
4.45 -0.6 2 0
4.45 -0.6 2 0
4.5 -0.6 2 0
4.6 -0.65 2 0
4.6 -0.65 2 0
4.7 -0.7 2 0
4.7 -0.7 2 0
4.8 -0.75 2 0
4.8 -0.75 2 0
4.85 -0.75 2 0
4.95 -0.8 2 0
4.95 -0.8 2 0
5.05 -0.85 2 0
5.05 -0.85 2 0
5.1 -0.85 2 0
5.2 -0.9 2 0
5.2 -0.9 2 0
5.25 -0.9 2 0
5.3 -0.9 2 0
5.35 -0.95 2 0
5.4 -0.95 2 0
5.45 -1 2 0
5.45 -1 2 0
5.8 -1.35 2 0
5.8 -1.35 2 0
5.8 -1.4 2 0
5.8 -1.45 2 0
5.8 -1.45 2 0
5.85 -1.55 2 0
5.85 -1.6 2 0
5.85 -1.65 2 0
5.85 -1.7 2 0
5.85 -1.75 2 0
5.85 -1.75 2 0
5.9 -1.85 2 0
5.9 -1.9 2 0
5.9 -1.9 2 0
5.9 -2.05 2 0
5.9 -2.05 2 0
5.9 -2.1 2 0
5.85 -2.2 2 0
5.85 -2.2 2 0
5.85 -2.25 2 0
5.8 -2.35 2 0
5.8 -2.35 2 0
5.8 -2.4 2 0
5.75 -2.5 2 0
5.75 -2.5 2 0
5.75 -2.55 2 0
5.7 -2.65 2 0
5.7 -2.65 2 0
5.7 -2.7 2 0
5.7 -2.75 2 0
5.65 -2.85 2 0
5.65 -2.85 2 0
5.65 -2.9 2 0
5.6 -3 2 0
5.6 -3 2 0
5.55 -3.1 2 0
5.55 -3.1 2 0
5.5 -3.2 2 0
5.5 -3.2 2 0
5.5 -3.25 2 0
5.4 -3.4 2 0
5.4 -3.4 2 0
5.4 -3.4 2 0
5.35 -3.5 2 0
5.35 -3.5 2 0
5.35 -3.55 2 0
5.25 -3.7 2 0
5.25 -3.7 2 0
5.25 -3.7 2 0
5.25 -3.75 2 0
5.2 -3.85 2 0
5.2 -3.85 2 0
5.1 -4 2 0
5.1 -4 2 0
5.1 -4 2 0
5.1 -4.05 2 0
5.1 -4.1 2 0
5.05 -4.2 2 0
5.05 -4.2 2 0
5 -4.3 2 0
5 -4.3 2 0
5 -4.35 2 0
4.95 -4.45 2 0
4.95 -4.45 2 0
4.9 -4.55 2 0
4.9 -4.55 2 0
4.85 -4.65 2 0
4.85 -4.65 2 0
4.8 -4.75 2 0
4.8 -4.75 2 0
4.75 -4.85 2 0
4.75 -4.85 2 0
4.7 -4.95 2 0
4.7 -4.95 2 0
4.7 -5 2 0
4.65 -5.1 2 0
4.65 -5.1 2 0
4.6 -5.2 2 0
4.6 -5.2 2 0
4.6 -5.25 2 0
4.55 -5.35 2 0
4.55 -5.35 2 0
4.55 -5.4 2 0
4.5 -5.5 2 0
4.5 -5.5 2 0
4.5 -5.55 2 0
4.5 -5.6 2 0
4.45 -5.7 2 0
4.45 -5.7 2 0
4.4 -5.8 2 0
4.4 -5.8 2 0
4.4 -5.85 2 0
4.4 -5.9 2 0
4.35 -6 2 0
4.35 -6 2 0
4.35 -6.05 2 0
4.35 -6.1 2 0
4.35 -6.15 2 0
4.3 -6.25 2 0
4.3 -6.25 2 0
4.3 -6.3 2 0
4.25 -6.4 2 0
4.25 -6.4 2 0
4.25 -6.45 2 0
4.25 -6.5 2 0
4.25 -6.55 2 0
4.25 -6.6 2 0
4.2 -6.7 2 0
4.2 -6.7 2 0
4.2 -6.75 2 0
4.2 -6.8 2 0
4.15 -6.9 2 0
4.15 -6.9 2 0
4.1 -7 2 0
4.1 -7 2 0
4.1 -7.05 2 0
4 -7.2 2 0
4 -7.2 2 0
4 -7.2 2 0
3.9 -7.35 2 0
3.9 -7.35 2 0
3.9 -7.35 2 0
3.9 -7.4 2 0
3.85 -7.5 2 0
3.85 -7.5 2 0
3.85 -7.5 2 0
3.75 -7.65 2 0
3.4 -7.85 2 0
3.4 -7.85 2 0
3.4 -7.85 2 0
3.35 -7.85 2 0
3.3 -7.85 2 0
3.2 -7.8 2 0
3.2 -7.8 2 0
3.1 -7.75 2 0
3.1 -7.75 2 0
3.05 -7.75 2 0
3 -7.75 2 0
2.95 -7.75 2 0
2.9 -7.75 2 0
2.8 -7.7 2 0
2.8 -7.7 2 0
2.75 -7.7 2 0
2.7 -7.7 2 0
2.6 -7.65 2 0
2.6 -7.65 2 0
2.55 -7.65 2 0
2.5 -7.65 2 0
2.45 -7.65 2 0
2.35 -7.6 2 0
2.35 -7.6 2 0
2.3 -7.6 2 0
2.2 -7.55 2 0
2.2 -7.55 2 0
2.1 -7.5 2 0
2.1 -7.5 2 0
2.05 -7.5 2 0
1.95 -7.45 2 0
1.95 -7.45 2 0
1.8 -7.35 2 0
1.8 -7.35 2 0
1.8 -7.35 2 0
1.6 -7.2 2 0
1.6 -7.2 2 0
1.4 -7 2 0
1.35 -6.95 2 0
1.35 -6.95 2 0
1.3 -6.9 2 0
1.25 -6.85 2 0
1.2 -6.8 2 0
1.2 -6.8 2 0
1.15 -6.75 2 0
1.1 -6.65 2 0
1.1 -6.65 2 0
1.05 -6.6 2 0
1 -6.55 2 0
1 -6.55 2 0
0.95 -6.5 2 0
0.9 -6.4 2 0
0.9 -6.4 2 0
0.85 -6.35 2 0
0.8 -6.3 2 0
0.75 -6.25 2 0
0.75 -6.2 2 0
0.7 -6.15 2 0
0.65 -6.1 2 0
0.6 -6.05 2 0
0.6 -6 2 0
0.55 -5.95 2 0
0.5 -5.9 2 0
0.5 -5.85 2 0
0.5 -5.8 2 0
0.5 -5.75 2 0
0.45 -5.7 2 0
0.45 -5.65 2 0
0.4 -5.6 2 0
0.4 -5.55 2 0
0.4 -5.5 2 0
0.4 -5.45 2 0
0.4 -5.4 2 0
0.4 -5.35 2 0
0.4 -5.3 2 0
0.4 -5.25 2 0
0.4 -5.2 2 0
0.4 -5.15 2 0
0.4 -5.1 2 0
0.4 -5.05 2 0
0.4 -5 2 0
0.4 -4.95 2 0
0.4 -4.9 2 0
0.4 -4.85 2 0
0.4 -4.8 2 0
0.45 -4.7 2 0
0.45 -4.7 2 0
0.5 -4.6 2 0
0.5 -4.6 2 0
0.5 -4.55 2 0
0.55 -4.45 2 0
0.6 -4.4 2 0
0.65 -4.35 2 0
0.7 -4.3 2 0
0.7 -4.3 2 0
0.75 -4.2 2 0
0.75 -4.2 2 0
0.8 -4.1 2 0
0.85 -4.05 2 0
0.9 -4 2 0
0.9 -4 2 0
0.95 -3.9 2 0
0.95 -3.9 2 0
1 -3.8 2 0
1 -3.8 2 0
1 -3.75 2 0
1.05 -3.65 2 0
1.1 -3.6 2 0
1.1 -3.6 2 0
1.1 -3.55 2 0
1.1 -3.5 2 0
1.15 -3.45 2 0
1.15 -3.4 2 0
1.15 -3.35 2 0
1.2 -3.3 2 0
1.25 -3.25 2 0
1.25 -3.2 2 0
1.25 -3.15 2 0
1.3 -3.1 2 0
1.3 -3.05 2 0
1.35 -3 2 0
1.35 -2.95 2 0
1.35 -2.9 2 0
1.4 -2.85 2 0
1.45 -2.8 2 0
1.45 -2.75 2 0
1.5 -2.7 2 0
1.5 -2.65 2 0
1.5 -2.6 2 0
1.55 -2.55 2 0
1.55 -2.5 2 0
1.6 -2.45 2 0
1.6 -2.4 2 0
1.65 -2.35 2 0
1.7 -2.3 2 0
1.7 -2.25 2 0
1.75 -2.2 2 0
1.75 -2.15 2 0
1.75 -2.1 2 0
1.8 -2.05 2 0
1.8 -2 2 0
1.8 -1.95 2 0
1.8 -1.9 2 0
1.85 -1.85 2 0
1.85 -1.8 2 0
1.85 -1.75 2 0
1.85 -1.7 2 0
1.85 -1.65 2 0
1.9 -1.6 2 0
1.9 -1.55 2 0
1.9 -1.5 2 0
1.95 -1.45 2 0
1.95 -1.4 2 0
1.95 -1.35 2 0
2 -1.3 2 0
2 -1.25 2 0
2 -1.2 2 0
2.05 -1.15 2 0
2.05 -1.1 2 0
-0.45 -0.6 4 0
-0.5 -0.65 4 0
-0.55 -0.65 4 0
-0.6 -0.7 4 0
-0.65 -0.7 4 0
-0.75 -0.65 4 0
-0.75 -0.65 4 0
-0.8 -0.65 4 0
-0.85 -0.65 4 0
-0.9 -0.65 4 0
-1 -0.6 4 0
-1 -0.6 4 0
-1.05 -0.6 4 0
-1.1 -0.6 4 0
-1.15 -0.6 4 0
-1.25 -0.55 4 0
-1.25 -0.55 4 0
-1.35 -0.5 4 0
-1.35 -0.5 4 0
-1.55 -0.35 4 0
-1.55 -0.35 4 0
-1.55 -0.35 4 0
-1.55 -0.35 4 0
-1.7 -0.25 4 0
-1.7 -0.25 4 0
-1.7 -0.25 4 0
-1.8 -0.2 4 0
-1.8 -0.2 4 0
-1.95 -0.1 4 0
-1.95 -0.1 4 0
-1.95 -0.1 4 0
-2.15 0.05 4 0
-2.15 0.05 4 0
-2.15 0.05 4 0
-2.15 0.05 4 0
-2.2 0.05 4 0
-2.4 0.2 4 0
-2.4 0.2 4 0
-2.4 0.2 4 0
-2.4 0.2 4 0
-2.6 0.35 4 0
-2.6 0.35 4 0
-2.6 0.35 4 0
-2.6 0.35 4 0
-2.7 0.4 4 0
-2.7 0.4 4 0
-2.9 0.55 4 0
-2.9 0.55 4 0
-2.9 0.55 4 0
-2.9 0.55 4 0
-3.05 0.65 4 0
-3.05 0.65 4 0
-3.05 0.65 4 0
-3.2 0.75 4 0
-3.2 0.75 4 0
-3.2 0.75 4 0
-3.3 0.8 4 0
-3.3 0.8 4 0
-3.45 0.9 4 0
-3.45 0.9 4 0
-3.45 0.9 4 0
-3.6 1 4 0
-3.6 1 4 0
-3.6 1 4 0
-3.65 1 4 0
-3.8 1.1 4 0
-3.8 1.1 4 0
-3.8 1.1 4 0
-4 1.25 4 0
-4 1.25 4 0
-4 1.25 4 0
-4 1.25 4 0
-4.1 1.3 4 0
-4.1 1.3 4 0
-4.25 1.4 4 0
-4.25 1.4 4 0
-4.25 1.4 4 0
-4.35 1.45 4 0
-4.35 1.45 4 0
-4.5 1.55 4 0
-4.5 1.55 4 0
-4.5 1.55 4 0
-4.65 1.65 4 0
-4.65 1.65 4 0
-4.65 1.65 4 0
-4.8 1.75 4 0
-4.8 1.75 4 0
-4.8 1.75 4 0
-4.95 1.85 4 0
-4.95 1.85 4 0
-4.95 1.85 4 0
-5.05 1.9 4 0
-5.05 1.9 4 0
-5.2 2 4 0
-5.2 2 4 0
-5.2 2 4 0
-5.3 2.05 4 0
-5.3 2.05 4 0
-5.4 2.1 4 0
-5.4 2.1 4 0
-5.55 2.2 4 0
-5.55 2.2 4 0
-5.55 2.2 4 0
-5.65 2.25 4 0
-5.65 2.25 4 0
-5.8 2.35 4 0
-5.8 2.35 4 0
-5.8 2.35 4 0
-6 2.5 4 0
-6 2.5 4 0
-6 2.5 4 0
-6 2.5 4 0
-6.05 2.5 4 0
-6.2 2.6 4 0
-6.2 2.6 4 0
-6.2 2.6 4 0
-6.3 2.65 4 0
-6.3 2.65 4 0
-6.45 2.75 4 0
-6.45 2.75 4 0
-6.45 2.75 4 0
-6.6 2.85 4 0
-6.6 2.85 4 0
-6.6 2.85 4 0
-6.75 2.95 4 0
-6.75 2.95 4 0
-6.75 2.95 4 0
-6.9 3.05 4 0
-6.9 3.05 4 0
-6.9 3.05 4 0
-7 3.1 4 0
-7 3.1 4 0
-7.05 3.1 4 0
-7.25 3.25 4 0
-7.25 3.25 4 0
-7.25 3.25 4 0
-7.25 3.25 4 0
-7.3 3.25 4 0
-7.45 3.35 4 0
-7.45 3.35 4 0
-7.45 3.35 4 0
-7.6 3.45 4 0
-7.6 3.45 4 0
-7.6 3.45 4 0
-7.7 3.5 4 0
-7.7 3.5 4 0
-7.8 3.55 4 0
-7.8 3.55 4 0
-7.9 3.6 4 0
-7.9 3.6 4 0
-8.05 3.7 4 0
-8.05 3.7 4 0
-8.05 3.7 4 0
-8.1 3.7 4 0
-8.1 3.7 4 0
-8.45 4.05 4 0
-8.45 4.05 4 0
-8.5 4.1 4 0
-8.5 4.15 4 0
-8.55 4.2 4 0
-8.55 4.25 4 0
-8.6 4.3 4 0
-8.6 4.35 4 0
-8.6 4.4 4 0
-8.6 4.45 4 0
-8.6 4.5 4 0
-8.6 4.6 4 0
-8.6 4.6 4 0
-8.6 4.65 4 0
-8.6 4.7 4 0
-8.6 4.75 4 0
-8.6 4.8 4 0
-8.6 4.85 4 0
-8.6 4.9 4 0
-8.55 5 4 0
-8.55 5 4 0
-8.55 5.05 4 0
-8.55 5.1 4 0
-8.5 5.2 4 0
-8.5 5.2 4 0
-8.45 5.3 4 0
-8.45 5.3 4 0
-8.45 5.35 4 0
-8.4 5.4 4 0
-8.35 5.45 4 0
-8.3 5.5 4 0
-8.25 5.55 4 0
-8.25 5.55 4 0
-8.05 5.75 4 0
-7.85 5.9 4 0
-7.85 5.9 4 0
-7.85 5.9 4 0
-7.7 6 4 0
-7.7 6 4 0
-7.7 6 4 0
-7.7 6 4 0
-7.5 6.15 4 0
-7.5 6.15 4 0
-7.4 6.2 4 0
-7.4 6.2 4 0
-7.3 6.25 4 0
-7.3 6.25 4 0
-7.2 6.3 4 0
-7.2 6.3 4 0
-7.1 6.35 4 0
-7.1 6.35 4 0
-7.1 6.35 4 0
-6.95 6.45 4 0
-6.9 6.45 4 0
-6.9 6.45 4 0
-6.9 6.45 4 0
-6.75 6.55 4 0
-6.7 6.55 4 0
-6.7 6.55 4 0
-6.6 6.6 4 0
-6.6 6.6 4 0
-6.6 6.6 4 0
-6.45 6.7 4 0
-6.45 6.7 4 0
-6.35 6.75 4 0
-6.35 6.75 4 0
-6.25 6.8 4 0
-6.25 6.8 4 0
-6.15 6.85 4 0
-6.15 6.85 4 0
-6.05 6.9 4 0
-6.05 6.9 4 0
-5.95 6.95 4 0
-5.95 6.95 4 0
-5.85 7 4 0
-5.85 7 4 0
-5.85 7 4 0
-5.7 7.1 4 0
-5.7 7.1 4 0
-5.7 7.1 4 0
-5.55 7.2 4 0
-5.5 7.2 4 0
-5.45 7.2 4 0
-5.45 7.2 4 0
-5.35 7.25 4 0
-5.3 7.25 4 0
-5.25 7.25 4 0
-5.25 7.25 4 0
-5.15 7.3 4 0
-5.1 7.3 4 0
-5.05 7.3 4 0
-5 7.3 4 0
-4.95 7.3 4 0
-4.9 7.3 4 0
-4.85 7.3 4 0
-4.8 7.3 4 0
-4.75 7.3 4 0
-4.7 7.25 4 0
-4.65 7.25 4 0
-4.6 7.25 4 0
-4.55 7.25 4 0
-4.5 7.25 4 0
-4.45 7.25 4 0
-4.4 7.2 4 0
-4.4 7.2 4 0
-4.2 7.05 4 0
-4.2 7.05 4 0
-4.2 7.05 4 0
-4.2 7.05 4 0
-4.15 7 4 0
-4.1 6.95 4 0
-4.05 6.9 4 0
-4.05 6.9 4 0
-4 6.85 4 0
-3.95 6.8 4 0
-3.9 6.75 4 0
-3.9 6.75 4 0
-3.8 6.7 4 0
-3.75 6.65 4 0
-3.7 6.6 4 0
-3.65 6.55 4 0
-3.65 6.55 4 0
-3.55 6.5 4 0
-3.55 6.5 4 0
-3.45 6.45 4 0
-3.4 6.4 4 0
-3.4 6.4 4 0
-3.35 6.4 4 0
-3.25 6.4 4 0
-3.25 6.4 4 0
-3.15 6.35 4 0
-3.1 6.3 4 0
-3.1 6.3 4 0
-3 6.25 4 0
-2.95 6.2 4 0
-2.95 6.2 4 0
-2.85 6.15 4 0
-2.85 6.15 4 0
-2.75 6.1 4 0
-2.75 6.1 4 0
-2.65 6.05 4 0
-2.6 6 4 0
-2.6 6 4 0
-2.55 6 4 0
-2.45 5.95 4 0
-2.45 5.95 4 0
-2.35 5.9 4 0
-2.3 5.85 4 0
-2.3 5.85 4 0
-2.25 5.85 4 0
-2.15 5.8 4 0
-2.15 5.8 4 0
-2.05 5.75 4 0
-2 5.7 4 0
-2 5.7 4 0
-1.95 5.7 4 0
-1.85 5.65 4 0
-1.85 5.65 4 0
-1.8 5.65 4 0
-1.75 5.65 4 0
-1.65 5.6 4 0
-1.65 5.6 4 0
-1.6 5.6 4 0
-1.55 5.6 4 0
-1.5 5.6 4 0
-1.4 5.55 4 0
-1.4 5.55 4 0
-1.35 5.55 4 0
-1.3 5.55 4 0
-1.2 5.5 4 0
-1.2 5.5 4 0
-1.15 5.5 4 0
-1.1 5.5 4 0
-1.05 5.5 4 0
-1 5.5 4 0
-0.95 5.5 4 0
-0.9 5.5 4 0
-0.85 5.45 4 0
-0.8 5.45 4 0
-0.75 5.45 4 0
-0.7 5.4 4 0
-0.65 5.4 4 0
-0.6 5.4 4 0
-0.55 5.4 4 0
-0.5 5.4 4 0
-0.45 5.4 4 0
-0.4 5.35 4 0
-0.35 5.35 4 0
-0.3 5.35 4 0
-0.25 5.35 4 0
-0.2 5.3 4 0
-0.15 5.3 4 0
-0.1 5.3 4 0
-0.05 5.25 4 0
5.55112e-16 5.25 4 0
0.05 5.2 4 0
0.1 5.15 4 0
0.15 5.1 4 0
0.15 5.1 4 0
0.25 5.05 4 0
0.3 5 4 0
0.35 4.95 4 0
0.4 4.9 4 0
0.45 4.85 4 0
0.45 4.85 4 0
0.55 4.8 4 0
0.6 4.75 4 0
0.6 4.75 4 0
0.7 4.7 4 0
0.75 4.65 4 0
0.75 4.65 4 0
0.8 4.65 4 0
0.85 4.6 4 0
0.9 4.55 4 0
0.95 4.55 4 0
1 4.5 4 0
1.2 4.3 4 0
1.3 4.15 4 0
1.3 4.1 4 0
1.3 4.1 4 0
1.3 4.1 4 0
1.4 3.95 4 0
1.4 3.9 4 0
1.4 3.85 4 0
1.4 3.75 4 0
1.4 3.75 4 0
1.4 3.7 4 0
1.35 3.6 4 0
1.35 3.6 4 0
1.3 3.5 4 0
1.3 3.5 4 0
1.25 3.4 4 0
1.25 3.4 4 0
1.25 3.35 4 0
1.2 3.25 4 0
1.2 3.25 4 0
1.15 3.15 4 0
1.15 3.15 4 0
1.1 3.05 4 0
1.1 3.05 4 0
1.05 2.95 4 0
1.05 2.95 4 0
1 2.85 4 0
1 2.85 4 0
0.95 2.75 4 0
0.95 2.75 4 0
0.9 2.65 4 0
0.9 2.65 4 0
0.9 2.6 4 0
0.85 2.5 4 0
0.85 2.5 4 0
0.8 2.4 4 0
0.8 2.4 4 0
0.75 2.3 4 0
0.75 2.3 4 0
0.75 2.25 4 0
0.7 2.15 4 0
0.7 2.15 4 0
0.65 2.05 4 0
0.65 2.05 4 0
0.6 1.95 4 0
0.6 1.95 4 0
0.55 1.85 4 0
0.55 1.85 4 0
0.5 1.75 4 0
0.5 1.75 4 0
0.5 1.7 4 0
0.45 1.6 4 0
0.45 1.6 4 0
0.4 1.5 4 0
0.4 1.5 4 0
0.4 1.45 4 0
0.35 1.35 4 0
0.35 1.35 4 0
0.3 1.25 4 0
0.3 1.25 4 0
0.25 1.15 4 0
0.25 1.15 4 0
0.25 1.1 4 0
0.2 1 4 0
0.2 1 4 0
0.15 0.9 4 0
0.15 0.9 4 0
0.15 0.85 4 0
0.15 0.8 4 0
0.05 0.65 4 0
0.05 0.65 4 0
0.05 0.65 4 0
5.55112e-16 0.55 4 0
5.55112e-16 0.55 4 0
5.55112e-16 0.5 4 0
5.55112e-16 0.45 4 0
-0.05 0.35 4 0
-0.05 0.35 4 0
-0.1 0.25 4 0
-0.1 0.25 4 0
-0.1 0.2 4 0
-0.1 0.15 4 0
-0.15 0.05 4 0
-0.15 0.05 4 0
-0.15 4.996e-16 4 0
-0.15 -0.05 4 0
-0.15 -0.1 4 0
-0.15 -0.15 4 0
-0.15 -0.2 4 0
-0.15 -0.25 4 0
-0.15 -0.3 4 0
-0.740108 -2.5205 5 0
-0.691135 -2.5805 5 0
-0.641403 -2.6358 5 0
-0.591746 -2.7041 5 0
-0.535908 -2.7539 5 0
-0.483394 -2.8018 5 0
-0.420562 -2.8416 5 0
-0.350844 -2.8814 5 0
-0.283492 -2.9196 5 0
-0.221027 -2.9581 5 0
-0.163493 -2.9866 5 0
-0.095654 -3.0185 5 0
-0.028959 -3.0576 5 0
0.042220 -3.08600 5 0
0.118415 -3.10898 5 0
0.191956 -3.14061 5 0
0.269739 -3.17159 5 0
0.320992 -3.20016 5 0
0.391972 -3.22554 5 0
0.456529 -3.24238 5 0
0.535394 -3.26514 5 0
0.619651 -3.29766 5 0
0.692349 -3.32627 5 0
0.756776 -3.35026 5 0
0.832703 -3.36248 5 0
0.902420 -3.38410 5 0
0.972370 -3.40363 5 0
1.036871 -3.41818 5 0
1.087668 -3.43981 5 0
1.146511 -3.45624 5 0
1.198444 -3.47106 5 0
1.236351 -3.48077 5 0
1.262263 -3.49457 5 0
1.300022 -3.50021 5 0
1.319461 -3.50438 5 0
1.317540 -3.50139 5 0
1.315675 -3.50295 5 0
1.312465 -3.50805 5 0
1.316521 -3.51185 5 0
1.319185 -3.51109 5 0
1.313799 -3.51042 5 0
1.313695 -3.50451 5 0
1.314138 -3.50535 5 0
1.313815 -3.50605 5 0
1.317194 -3.50789 5 0
1.317498 -3.51012 5 0
1.312378 -3.50941 5 0
1.312052 -3.50995 5 0
1.311900 -3.51021 5 0
1.315847 -3.50789 5 0
1.304651 -3.52011 5 0
1.301803 -3.51415 5 0
1.301882 -3.51173 5 0
1.306806 -3.51852 5 0
1.310963 -3.52214 5 0
1.313148 -3.53231 5 0
1.317757 -3.52540 5 0
1.314626 -3.52938 5 0
1.315408 -3.53022 5 0
1.317792 -3.49230 5 0
1.313732 -3.43674 5 0
1.308915 -3.39206 5 0
1.295879 -3.33866 5 0
1.286836 -3.29016 5 0
1.283960 -3.25480 5 0
1.287454 -3.20691 5 0
1.296061 -3.13454 5 0
1.304442 -3.06727 5 0
1.321377 -2.97599 5 0
1.343511 -2.91047 5 0
1.382887 -2.84149 5 0
1.419028 -2.78142 5 0
1.460431 -2.71290 5 0
1.486642 -2.65227 5 0
1.515441 -2.57914 5 0
1.552712 -2.50777 5 0
1.590508 -2.44321 5 0
1.628424 -2.38473 5 0
1.669999 -2.31776 5 0
1.704022 -2.24844 5 0
1.734202 -2.18102 5 0
1.757768 -2.11197 5 0
1.782557 -2.04654 5 0
1.800934 -1.97183 5 0
1.827349 -1.88818 5 0
1.850072 -1.81416 5 0
1.871509 -1.73747 5 0
1.894660 -1.66892 5 0
1.917372 -1.59885 5 0
1.943101 -1.52051 5 0
1.959112 -1.45986 5 0
1.970990 -1.38477 5 0
1.988512 -1.31196 5 0
2.014388 -1.24008 5 0
2.038564 -1.17408 5 0
2.073411 -1.10728 5 0
2.109105 -1.04439 5 0
2.136694 -0.99197 5 0
2.176385 -0.94420 5 0
2.205112 -0.89388 5 0
2.246629 -0.84903 5 0
2.289717 -0.80009 5 0
2.329957 -0.75728 5 0
2.374417 -0.71992 5 0
2.420822 -0.69399 5 0
2.475820 -0.66636 5 0
2.529803 -0.64478 5 0
2.586670 -0.61500 5 0
2.640368 -0.58772 5 0
2.698693 -0.56887 5 0
2.758220 -0.55648 5 0
2.810945 -0.54606 5 0
2.865991 -0.53452 5 0
2.923321 -0.52647 5 0
3.002205 -0.50702 5 0
3.080197 -0.48283 5 0
3.167625 -0.46352 5 0
3.231755 -0.43441 5 0
3.314114 -0.41343 5 0
3.377091 -0.39861 5 0
3.426338 -0.39659 5 0
3.479937 -0.37733 5 0
3.540349 -0.36970 5 0
3.598683 -0.36684 5 0
3.657285 -0.36266 5 0
3.721730 -0.35889 5 0
3.782038 -0.35858 5 0
3.847626 -0.36489 5 0
3.932131 -0.37437 5 0
3.995584 -0.39334 5 0
4.066609 -0.41308 5 0
4.140786 -0.43591 5 0
4.208259 -0.46630 5 0
4.272691 -0.49722 5 0
4.338824 -0.53335 5 0
4.415458 -0.55843 5 0
4.470441 -0.58859 5 0
4.522296 -0.60809 5 0
4.589968 -0.63320 5 0
4.628622 -0.65390 5 0
4.667485 -0.67608 5 0
4.714135 -0.69071 5 0
4.750690 -0.70347 5 0
4.793241 -0.72620 5 0
4.839862 -0.74740 5 0
4.878269 -0.77092 5 0
4.922770 -0.79189 5 0
4.961745 -0.80535 5 0
5.005302 -0.82339 5 0
5.049653 -0.84260 5 0
5.089926 -0.85563 5 0
5.139410 -0.86463 5 0
5.191588 -0.88298 5 0
5.231569 -0.90612 5 0
5.276314 -0.92803 5 0
5.323019 -0.93976 5 0
5.363558 -0.95173 5 0
5.405073 -0.97468 5 0
5.435110 -0.99413 5 0
5.470008 -1.02198 5 0
5.508715 -1.04504 5 0
5.542584 -1.06767 5 0
5.588818 -1.09632 5 0
5.630384 -1.12986 5 0
5.663432 -1.16913 5 0
5.688476 -1.19788 5 0
5.718691 -1.23085 5 0
5.748894 -1.27861 5 0
5.767784 -1.31918 5 0
5.796222 -1.37033 5 0
5.822534 -1.43333 5 0
5.842760 -1.48682 5 0
5.851112 -1.54874 5 0
5.863533 -1.60549 5 0
5.881050 -1.67038 5 0
5.893770 -1.73075 5 0
5.898177 -1.79971 5 0
5.913574 -1.85469 5 0
5.921658 -1.92174 5 0
5.918609 -1.98264 5 0
5.912598 -2.03611 5 0
5.899032 -2.09010 5 0
5.887763 -2.12430 5 0
5.884956 -2.16283 5 0
5.889484 -2.20716 5 0
5.893676 -2.26481 5 0
5.890870 -2.32303 5 0
5.890611 -2.38133 5 0
5.878553 -2.43883 5 0
5.873575 -2.48348 5 0
5.867245 -2.52330 5 0
5.852424 -2.57793 5 0
5.834853 -2.62806 5 0
5.823996 -2.67463 5 0
5.810725 -2.74450 5 0
5.787708 -2.81800 5 0
5.772676 -2.88057 5 0
5.753519 -2.93638 5 0
5.739569 -2.99210 5 0
5.723188 -3.03850 5 0
5.707985 -3.07539 5 0
5.694180 -3.11644 5 0
5.679410 -3.14125 5 0
5.674814 -3.17555 5 0
5.664805 -3.21069 5 0
5.656980 -3.23439 5 0
5.653287 -3.26130 5 0
5.652454 -3.27485 5 0
5.644367 -3.29261 5 0
5.646414 -3.29905 5 0
5.650883 -3.29658 5 0
5.651716 -3.29760 5 0
5.649305 -3.29953 5 0
5.651108 -3.29830 5 0
5.654888 -3.29292 5 0
5.661039 -3.30084 5 0
5.658449 -3.30680 5 0
5.659189 -3.30177 5 0
5.656492 -3.30195 5 0
5.652768 -3.28421 5 0
5.650073 -3.24070 5 0
5.664996 -3.18810 5 0
5.677799 -3.13913 5 0
5.674073 -3.08416 5 0
5.686183 -3.06558 5 0
5.696956 -3.07055 5 0
5.700711 -3.07095 5 0
5.700902 -3.06492 5 0
5.696583 -3.06887 5 0
5.698585 -3.06066 5 0
5.707152 -3.06567 5 0
5.719128 -3.07097 5 0
5.734175 -3.07663 5 0
5.747259 -3.08383 5 0
5.751094 -3.09637 5 0
5.757688 -3.10140 5 0
5.761285 -3.10341 5 0
5.761517 -3.08986 5 0
5.784863 -3.03362 5 0
5.795460 -2.98423 5 0
5.799584 -2.93753 5 0
5.794991 -2.87934 5 0
5.816328 -2.85878 5 0
5.820056 -2.86823 5 0
5.826084 -2.87184 5 0
5.828018 -2.86410 5 0
5.836467 -2.86507 5 0
5.836077 -2.86558 5 0
5.836241 -2.86802 5 0
5.846716 -2.86657 5 0
5.856976 -2.86750 5 0
5.860759 -2.87068 5 0
5.864606 -2.87790 5 0
5.865724 -2.88065 5 0
5.866780 -2.88773 5 0
5.868056 -2.88713 5 0
5.867481 -2.88524 5 0
5.870675 -2.88769 5 0
5.872893 -2.89074 5 0
5.877269 -2.88791 5 0
5.885573 -2.88688 5 0
5.891163 -2.88641 5 0
5.889348 -2.88974 5 0
5.886763 -2.88969 5 0
5.889839 -2.88518 5 0
5.891560 -2.88226 5 0
5.890155 -2.88587 5 0
5.885792 -2.88745 5 0
5.885250 -2.89008 5 0
5.886892 -2.88734 5 0
5.892414 -2.88566 5 0
5.893831 -2.88423 5 0
5.895620 -2.88723 5 0
5.897651 -2.88471 5 0
5.895201 -2.86531 5 0
5.895467 -2.86524 5 0
5.890366 -2.85146 5 0
5.894394 -2.83321 5 0
5.900869 -2.81231 5 0
5.904367 -2.81411 5 0
5.909858 -2.81892 5 0
5.909550 -2.81884 5 0
5.905947 -2.82466 5 0
5.906125 -2.82797 5 0
5.913898 -2.82807 5 0
5.917081 -2.82548 5 0
5.921469 -2.81398 5 0
5.929695 -2.80655 5 0
5.932488 -2.80830 5 0
5.934593 -2.80616 5 0
5.937558 -2.80271 5 0
5.934923 -2.80406 5 0
5.941791 -2.80036 5 0
5.948685 -2.79996 5 0
5.953793 -2.80329 5 0
5.958659 -2.80349 5 0
5.962889 -2.80687 5 0
5.965484 -2.81140 5 0
5.962637 -2.81254 5 0
5.959360 -2.81626 5 0
5.960012 -2.81262 5 0
5.968018 -2.81588 5 0
5.969784 -2.81869 5 0
5.973925 -2.81552 5 0
5.976369 -2.81235 5 0
5.976801 -2.80898 5 0
5.983321 -2.81029 5 0
5.987139 -2.81687 5 0
5.989839 -2.81580 5 0
5.993161 -2.81256 5 0
5.997204 -2.81231 5 0
6.004675 -2.81046 5 0
6.013227 -2.80892 5 0
6.016131 -2.80962 5 0
6.019321 -2.80991 5 0
6.022395 -2.80951 5 0
6.028199 -2.80681 5 0
6.033884 -2.80650 5 0
6.038390 -2.81093 5 0
6.039018 -2.80874 5 0
6.036120 -2.80879 5 0
6.040508 -2.81074 5 0
6.043738 -2.81007 5 0
6.041330 -2.80907 5 0
6.040114 -2.80685 5 0
6.041548 -2.80182 5 0
6.049011 -2.80915 5 0
6.051682 -2.81164 5 0
6.050611 -2.81089 5 0
6.047609 -2.80935 5 0
6.047509 -2.80379 5 0
6.051475 -2.80687 5 0
6.048674 -2.80364 5 0
6.051838 -2.80414 5 0
6.049535 -2.80548 5 0
6.050302 -2.80447 5 0
6.056407 -2.80221 5 0
6.057128 -2.80242 5 0
6.056513 -2.80136 5 0
6.059152 -2.79571 5 0
6.065316 -2.79986 5 0
6.064110 -2.80331 5 0
6.066839 -2.81079 5 0
6.071642 -2.81277 5 0
6.070418 -2.81149 5 0
6.068826 -2.80921 5 0
6.073400 -2.81437 5 0
6.075034 -2.81458 5 0
6.077227 -2.81116 5 0
6.094506 -2.80214 5 0
6.103290 -2.79413 5 0
6.107739 -2.78768 5 0
6.109833 -2.78437 5 0
6.112554 -2.78518 5 0
6.116387 -2.79029 5 0
6.116383 -2.79683 5 0
6.120969 -2.80024 5 0
6.125150 -2.80481 5 0
6.124299 -2.80754 5 0
6.127654 -2.80876 5 0
6.126716 -2.80770 5 0
6.127233 -2.80601 5 0
6.129432 -2.80068 5 0
6.125651 -2.80842 5 0
6.124968 -2.81399 5 0
6.123537 -2.81929 5 0
6.125973 -2.81821 5 0
6.125904 -2.81468 5 0
6.132400 -2.81115 5 0
6.127929 -2.81034 5 0
6.128479 -2.81225 5 0
6.125572 -2.81335 5 0
6.125481 -2.81386 5 0
6.129066 -2.81521 5 0
6.126122 -2.81513 5 0
6.128288 -2.80492 5 0
6.130379 -2.79856 5 0
6.127341 -2.79852 5 0
6.128381 -2.80053 5 0
6.128557 -2.79918 5 0
6.127378 -2.80639 5 0
6.122028 -2.80701 5 0
6.125260 -2.80237 5 0
6.130353 -2.80379 5 0
6.130490 -2.80854 5 0
6.130635 -2.80908 5 0
6.131287 -2.80820 5 0
6.131106 -2.80463 5 0
6.128841 -2.79868 5 0
6.125848 -2.79670 5 0
6.125700 -2.79497 5 0
6.127275 -2.79502 5 0
6.129003 -2.79555 5 0
6.127999 -2.79979 5 0
6.130674 -2.80270 5 0
6.137298 -2.80504 5 0
6.132282 -2.80678 5 0
6.125226 -2.80878 5 0
6.127167 -2.80643 5 0
6.127372 -2.80659 5 0
6.123583 -2.79671 5 0
6.124194 -2.79714 5 0
6.127577 -2.80260 5 0
6.127892 -2.80382 5 0
6.127134 -2.79879 5 0
6.128639 -2.79859 5 0
6.127919 -2.80165 5 0
6.126471 -2.80560 5 0
6.132414 -2.80472 5 0
6.134434 -2.80526 5 0
6.132668 -2.80678 5 0
6.130305 -2.80590 5 0
6.133299 -2.80599 5 0
6.130142 -2.80026 5 0
6.129143 -2.80080 5 0
6.126902 -2.79802 5 0
6.131496 -2.79781 5 0
6.130934 -2.79833 5 0
6.131437 -2.80015 5 0
6.126906 -2.80621 5 0
6.127786 -2.80951 5 0
6.131352 -2.80908 5 0
6.134056 -2.80980 5 0
6.132219 -2.80745 5 0
6.134764 -2.81216 5 0
6.136085 -2.80107 5 0
6.130306 -2.79022 5 0
6.129021 -2.79175 5 0
6.129434 -2.80115 5 0
6.126447 -2.80549 5 0
6.124729 -2.80638 5 0
6.125352 -2.80579 5 0
6.133947 -2.80511 5 0
6.136175 -2.80643 5 0
6.132695 -2.80921 5 0
6.126233 -2.80839 5 0
6.126342 -2.80840 5 0
6.124914 -2.80009 5 0
6.129169 -2.79483 5 0
6.131563 -2.79654 5 0
6.133279 -2.79382 5 0
6.132086 -2.79470 5 0
6.127328 -2.80118 5 0
6.128782 -2.80603 5 0
6.130543 -2.81233 5 0
6.133756 -2.81108 5 0
6.132473 -2.80580 5 0
6.132920 -2.80301 5 0
6.134595 -2.80457 5 0
6.135961 -2.80039 5 0
6.140396 -2.80105 5 0
6.134855 -2.80613 5 0
6.124636 -2.81056 5 0
6.125015 -2.80818 5 0
6.128085 -2.80327 5 0
6.130568 -2.80596 5 0
6.135148 -2.80932 5 0
6.134863 -2.80901 5 0
6.135645 -2.80741 5 0
6.135961 -2.80067 5 0
6.135262 -2.80380 5 0
6.138266 -2.80455 5 0
6.137970 -2.80162 5 0
6.137396 -2.80328 5 0
6.133694 -2.80327 5 0
6.128410 -2.80320 5 0
6.124463 -2.80683 5 0
6.128343 -2.80466 5 0
6.132700 -2.80431 5 0
6.135133 -2.79955 5 0
6.133481 -2.80377 5 0
6.133079 -2.80307 5 0
6.129901 -2.80313 5 0
6.131592 -2.80659 5 0
6.131657 -2.80187 5 0
6.128081 -2.80298 5 0
6.125683 -2.80438 5 0
6.126493 -2.80681 5 0
6.130649 -2.80193 5 0
6.128991 -2.80121 5 0
6.130780 -2.80421 5 0
6.132382 -2.80477 5 0
6.135538 -2.80758 5 0
6.137576 -2.80558 5 0
6.133632 -2.80717 5 0
6.128316 -2.80780 5 0
6.126941 -2.80047 5 0
6.127623 -2.79537 5 0
6.133088 -2.79736 5 0
6.134417 -2.80214 5 0
6.136894 -2.80154 5 0
6.132524 -2.79780 5 0
6.128386 -2.80177 5 0
6.130701 -2.80242 5 0
6.134687 -2.80661 5 0
6.132682 -2.80734 5 0
6.132315 -2.80792 5 0
6.133067 -2.80580 5 0
6.134461 -2.80139 5 0
6.130276 -2.79858 5 0
6.127612 -2.80446 5 0
6.123891 -2.80892 5 0
6.128063 -2.80784 5 0
6.127326 -2.80715 5 0
6.127066 -2.80905 5 0
6.128284 -2.81172 5 0
6.128923 -2.80938 5 0
6.130477 -2.80592 5 0
6.133141 -2.80703 5 0
6.133855 -2.80753 5 0
6.137697 -2.80672 5 0
6.137327 -2.80189 5 0
6.135431 -2.80038 5 0
6.132346 -2.79833 5 0
6.130640 -2.79896 5 0
6.129573 -2.80145 5 0
6.126410 -2.80243 5 0
6.129895 -2.80301 5 0
6.133345 -2.80582 5 0
6.138620 -2.80279 5 0
6.138172 -2.80477 5 0
6.136402 -2.80877 5 0
6.134717 -2.80760 5 0
6.130808 -2.80770 5 0
6.129978 -2.80530 5 0
6.129267 -2.80434 5 0
6.131421 -2.80082 5 0
6.131155 -2.80323 5 0
6.133138 -2.79807 5 0
6.133083 -2.80367 5 0
6.133092 -2.81065 5 0
6.132041 -2.81516 5 0
6.131545 -2.80995 5 0
6.131089 -2.80784 5 0
6.130308 -2.80874 5 0
6.133005 -2.81308 5 0
6.131605 -2.80729 5 0
6.130578 -2.80377 5 0
6.129503 -2.80013 5 0
6.127293 -2.80095 5 0
6.127587 -2.80390 5 0
6.132572 -2.80630 5 0
6.137681 -2.81056 5 0
6.137987 -2.81042 5 0
6.135632 -2.80738 5 0
6.133213 -2.80512 5 0
6.132708 -2.80616 5 0
6.133720 -2.80986 5 0
6.136027 -2.80643 5 0
6.136132 -2.80652 5 0
6.136956 -2.80230 5 0
6.130984 -2.80040 5 0
6.130919 -2.80653 5 0
6.127514 -2.80658 5 0
6.128663 -2.80698 5 0
6.127982 -2.80929 5 0
6.128298 -2.80739 5 0
6.132686 -2.80949 5 0
6.133037 -2.81441 5 0
6.132499 -2.81401 5 0
6.131353 -2.80892 5 0
6.130684 -2.79939 5 0
6.132881 -2.80220 5 0
6.129602 -2.79689 5 0
6.128728 -2.79199 5 0
6.126553 -2.79475 5 0
6.130974 -2.80105 5 0
6.134810 -2.80660 5 0
6.132915 -2.80584 5 0
6.129157 -2.80782 5 0
6.131595 -2.80722 5 0
6.131454 -2.81118 5 0
6.130840 -2.81520 5 0
6.135423 -2.81512 5 0
6.136487 -2.80739 5 0
6.132554 -2.80821 5 0
6.134387 -2.80778 5 0
6.138453 -2.80574 5 0
6.139445 -2.80593 5 0
6.137612 -2.80668 5 0
6.139847 -2.80599 5 0
6.136796 -2.80696 5 0
6.131871 -2.80744 5 0
6.130607 -2.80612 5 0
6.132560 -2.80655 5 0
6.134325 -2.80582 5 0
6.133439 -2.80628 5 0
6.132218 -2.80975 5 0
6.134236 -2.81195 5 0
6.130357 -2.80916 5 0
6.127593 -2.80690 5 0
6.130750 -2.80382 5 0
6.133465 -2.80471 5 0
6.138756 -2.80556 5 0
6.138352 -2.80502 5 0
6.138041 -2.80702 5 0
6.135923 -2.80656 5 0
6.133988 -2.80266 5 0
6.129248 -2.80388 5 0
6.129109 -2.80471 5 0
6.130423 -2.80957 5 0
6.129216 -2.81195 5 0
6.133291 -2.81000 5 0
6.136837 -2.80489 5 0
6.135513 -2.80096 5 0
6.132644 -2.79777 5 0
6.132211 -2.79557 5 0
6.133541 -2.79815 5 0
6.135184 -2.80536 5 0
6.136099 -2.80545 5 0
6.133055 -2.80684 5 0
6.132831 -2.80347 5 0
6.134008 -2.80429 5 0
6.131853 -2.80317 5 0
6.131408 -2.80505 5 0
6.132293 -2.80369 5 0
6.131940 -2.80481 5 0
6.133411 -2.80359 5 0
6.133600 -2.80293 5 0
6.136244 -2.80338 5 0
6.137675 -2.80457 5 0
6.135248 -2.80370 5 0
6.133631 -2.80442 5 0
6.132942 -2.80348 5 0
6.133268 -2.80494 5 0
6.133572 -2.80641 5 0
6.131304 -2.80626 5 0
6.132369 -2.80642 5 0
6.137795 -2.80351 5 0
6.141518 -2.80401 5 0
6.136588 -2.80677 5 0
6.132079 -2.80198 5 0
6.132357 -2.80230 5 0
6.133919 -2.80452 5 0
6.132715 -2.80576 5 0
6.132434 -2.81096 5 0
6.133552 -2.81248 5 0
6.133882 -2.81342 5 0
6.137321 -2.81074 5 0
6.135824 -2.80486 5 0
6.135432 -2.80245 5 0
6.137268 -2.80182 5 0
6.134583 -2.80675 5 0
6.134201 -2.80603 5 0
6.136670 -2.80385 5 0
6.137898 -2.80573 5 0
6.135413 -2.80598 5 0
6.135039 -2.80468 5 0
6.134200 -2.80213 5 0
6.133825 -2.80131 5 0
6.138447 -2.80306 5 0
6.140007 -2.80737 5 0
6.136076 -2.81018 5 0
6.135718 -2.80934 5 0
6.133328 -2.80923 5 0
6.132530 -2.81053 5 0
6.135033 -2.80750 5 0
6.133200 -2.80716 5 0
6.131667 -2.80912 5 0
6.130236 -2.80907 5 0
6.131030 -2.81122 5 0
6.134725 -2.81187 5 0
6.136150 -2.80710 5 0
6.135029 -2.80275 5 0
6.131472 -2.80276 5 0
6.132726 -2.80411 5 0
6.137079 -2.80106 5 0
6.136795 -2.80321 5 0
6.139269 -2.80536 5 0
6.137506 -2.80644 5 0
6.135044 -2.80601 5 0
6.132407 -2.80419 5 0
6.133883 -2.80586 5 0
6.132789 -2.81011 5 0
6.135288 -2.80862 5 0
6.132178 -2.80679 5 0
6.135522 -2.80569 5 0
6.137150 -2.80122 5 0
6.132124 -2.80067 5 0
6.135134 -2.80004 5 0
6.136615 -2.80226 5 0
6.135902 -2.80634 5 0
6.138102 -2.80888 5 0
6.134219 -2.81255 5 0
6.134708 -2.80933 5 0
6.133315 -2.80850 5 0
6.133019 -2.80665 5 0
6.130612 -2.80348 5 0
6.133754 -2.80319 5 0
6.133357 -2.80271 5 0
6.132492 -2.80364 5 0
6.132981 -2.80489 5 0
6.130576 -2.80262 5 0
6.133113 -2.80216 5 0
6.134837 -2.80547 5 0
6.138653 -2.80662 5 0
6.138903 -2.80645 5 0
6.137831 -2.80529 5 0
6.136156 -2.80526 5 0
6.132790 -2.80076 5 0
6.133292 -2.80426 5 0
6.132736 -2.80610 5 0
6.134159 -2.80587 5 0
6.135613 -2.80811 5 0
6.139043 -2.80683 5 0
6.138588 -2.80367 5 0
6.137136 -2.80291 5 0
6.136394 -2.80533 5 0
6.134013 -2.80775 5 0
6.134395 -2.81013 5 0
6.133489 -2.80858 5 0
6.133796 -2.80885 5 0
6.132852 -2.80703 5 0
6.135551 -2.80665 5 0
6.136074 -2.81132 5 0
6.136641 -2.80958 5 0
6.137420 -2.80589 5 0
6.138264 -2.80395 5 0
6.135928 -2.80351 5 0
6.135581 -2.80218 5 0
6.134657 -2.80500 5 0
6.136347 -2.80630 5 0
6.138440 -2.80943 5 0
6.136440 -2.80600 5 0
6.135723 -2.80412 5 0
6.129993 -2.80444 5 0
6.131389 -2.80621 5 0
6.135849 -2.80359 5 0
6.138950 -2.80242 5 0
6.141558 -2.79958 5 0
6.144939 -2.80154 5 0
6.139657 -2.80751 5 0
6.138540 -2.80958 5 0
6.134622 -2.80940 5 0
6.136946 -2.80760 5 0
6.136518 -2.80722 5 0
6.139024 -2.80907 5 0
6.137584 -2.80726 5 0
6.139319 -2.80818 5 0
6.141145 -2.80649 5 0
6.140427 -2.80901 5 0
6.139168 -2.80643 5 0
6.137645 -2.80067 5 0
6.132915 -2.80302 5 0
6.135187 -2.80610 5 0
6.137843 -2.80475 5 0
6.136453 -2.80697 5 0
6.135629 -2.80733 5 0
6.139978 -2.80630 5 0
6.137994 -2.80629 5 0
6.134618 -2.80660 5 0
6.137047 -2.81027 5 0
6.135904 -2.80387 5 0
6.135874 -2.80405 5 0
6.137591 -2.80463 5 0
6.137108 -2.80440 5 0
6.134573 -2.80600 5 0
6.128959 -2.80672 5 0
6.130494 -2.80640 5 0
6.136155 -2.80714 5 0
6.134133 -2.80371 5 0
6.133258 -2.80516 5 0
6.137233 -2.80337 5 0
6.133174 -2.80664 5 0
6.133470 -2.80601 5 0
6.134957 -2.80802 5 0
6.137328 -2.80520 5 0
6.137082 -2.80859 5 0
6.133288 -2.80503 5 0
6.128407 -2.80335 5 0
6.128097 -2.80646 5 0
6.126398 -2.81041 5 0
6.127685 -2.80962 5 0
6.137493 -2.80820 5 0
6.137526 -2.80579 5 0
6.137718 -2.80308 5 0
6.138564 -2.80168 5 0
6.138423 -2.80467 5 0
6.136393 -2.80478 5 0
6.136945 -2.80907 5 0
6.138622 -2.80697 5 0
6.135549 -2.80765 5 0
6.134850 -2.80409 5 0
6.139146 -2.80223 5 0
6.140658 -2.80140 5 0
6.139814 -2.80135 5 0
6.131806 -2.80433 5 0
6.129696 -2.80635 5 0
6.130064 -2.80435 5 0
6.131407 -2.80186 5 0
6.137562 -2.80617 5 0
6.137141 -2.80805 5 0
6.136019 -2.80653 5 0
6.135589 -2.80583 5 0
6.133720 -2.80843 5 0
6.133857 -2.80479 5 0
6.135100 -2.80469 5 0
6.134086 -2.80746 5 0
6.129559 -2.80937 5 0
6.130353 -2.80592 5 0
6.134983 -2.80615 5 0
6.139538 -2.80433 5 0
6.142643 -2.80743 5 0
6.140729 -2.80544 5 0
6.139259 -2.80591 5 0
6.137114 -2.80240 5 0
6.134027 -2.79993 5 0
6.132764 -2.79936 5 0
6.132175 -2.80477 5 0
6.131814 -2.80950 5 0
6.135465 -2.80960 5 0
6.138551 -2.80461 5 0
6.135231 -2.80130 5 0
6.136648 -2.80425 5 0
6.136446 -2.80318 5 0
6.135217 -2.80475 5 0
6.136526 -2.80121 5 0
6.138708 -2.80299 5 0
6.144172 -2.80320 5 0
6.140424 -2.80638 5 0
6.141683 -2.80165 5 0
6.135164 -2.80383 5 0
6.134370 -2.80542 5 0
6.132731 -2.80619 5 0
6.133142 -2.80468 5 0
6.129506 -2.80462 5 0
6.130069 -2.80558 5 0
6.133241 -2.80451 5 0
6.131112 -2.80276 5 0
6.134334 -2.80581 5 0
6.138790 -2.80919 5 0
6.143973 -2.80826 5 0
6.140880 -2.81103 5 0
6.136571 -2.81002 5 0
6.133622 -2.80938 5 0
6.132973 -2.80573 5 0
6.137181 -2.80472 5 0
6.136862 -2.80648 5 0
6.141124 -2.80707 5 0
6.139965 -2.80560 5 0
6.136541 -2.80432 5 0
6.133684 -2.80524 5 0
6.129377 -2.80573 5 0
6.128260 -2.80816 5 0
6.131033 -2.81001 5 0
6.129499 -2.81035 5 0
6.132459 -2.80790 5 0
6.137149 -2.80364 5 0
6.139308 -2.80227 5 0
6.136494 -2.80095 5 0
6.135282 -2.80509 5 0
6.136274 -2.80612 5 0
6.134923 -2.80374 5 0
6.136454 -2.80451 5 0
6.135002 -2.80665 5 0
6.135566 -2.80665 5 0
6.138208 -2.80640 5 0
6.135882 -2.80479 5 0
6.132636 -2.80336 5 0
6.136776 -2.80561 5 0
6.138572 -2.80681 5 0
6.137540 -2.80476 5 0
6.133119 -2.80085 5 0
6.132677 -2.79808 5 0
6.135066 -2.80001 5 0
6.136458 -2.80304 5 0
6.137309 -2.80510 5 0
6.133062 -2.80642 5 0
6.131134 -2.80511 5 0
6.131741 -2.80479 5 0
6.131297 -2.80862 5 0
6.133149 -2.80662 5 0
6.134619 -2.80522 5 0
6.134353 -2.80460 5 0
6.131003 -2.80116 5 0
6.132476 -2.80259 5 0
6.131650 -2.80554 5 0
6.132129 -2.80693 5 0
6.130100 -2.80517 5 0
6.138387 -2.80498 5 0
6.141176 -2.80466 5 0
6.138986 -2.81100 5 0
6.136480 -2.80958 5 0
6.134548 -2.80515 5 0
6.132908 -2.80474 5 0
6.134747 -2.80417 5 0
6.132051 -2.80347 5 0
6.130791 -2.80513 5 0
6.132445 -2.80503 5 0
6.130406 -2.80530 5 0
6.131562 -2.80109 5 0
6.132790 -2.80090 5 0
6.135517 -2.80337 5 0
6.137185 -2.80339 5 0
6.135224 -2.80748 5 0
6.133951 -2.81057 5 0
6.133626 -2.81256 5 0
6.136522 -2.80959 5 0
6.137013 -2.80750 5 0
6.135429 -2.80141 5 0
6.134709 -2.80283 5 0
6.134333 -2.80617 5 0
6.128575 -2.80474 5 0
6.131230 -2.80527 5 0
6.132899 -2.80798 5 0
6.136354 -2.80636 5 0
6.136154 -2.80964 5 0
6.134729 -2.81190 5 0
6.134144 -2.80925 5 0
6.130208 -2.80768 5 0
6.132440 -2.80643 5 0
6.133512 -2.80405 5 0
6.135315 -2.80455 5 0
6.133633 -2.80805 5 0
6.132764 -2.80615 5 0
6.136448 -2.80319 5 0
6.138244 -2.80471 5 0
6.137555 -2.80529 5 0
6.133523 -2.80598 5 0
6.130530 -2.80375 5 0
6.131859 -2.80289 5 0
6.132043 -2.80527 5 0
6.131015 -2.80441 5 0
6.130575 -2.80416 5 0
6.132446 -2.80344 5 0
6.132146 -2.80647 5 0
6.135358 -2.80486 5 0
6.134582 -2.80494 5 0
6.133339 -2.80598 5 0
6.131342 -2.80913 5 0
6.129184 -2.80612 5 0
6.131734 -2.80481 5 0
6.133570 -2.80421 5 0
6.134760 -2.80702 5 0
6.134019 -2.80935 5 0
6.134281 -2.81089 5 0
6.132569 -2.81020 5 0
6.132972 -2.80485 5 0
6.137590 -2.79979 5 0
6.137567 -2.80171 5 0
6.135304 -2.80347 5 0
6.132437 -2.80365 5 0
6.131318 -2.80559 5 0
6.132456 -2.80347 5 0
6.133097 -2.80771 5 0
6.136647 -2.81229 5 0
6.139258 -2.81220 5 0
6.140283 -2.81133 5 0
6.140289 -2.80850 5 0
6.138002 -2.80299 5 0
6.132514 -2.80032 5 0
6.132078 -2.80252 5 0
6.133082 -2.80302 5 0
6.131363 -2.80390 5 0
6.132015 -2.80339 5 0
6.129161 -2.80312 5 0
6.128107 -2.80795 5 0
6.128993 -2.81139 5 0
6.134943 -2.80909 5 0
6.138798 -2.80354 5 0
6.138002 -2.80120 5 0
6.135749 -2.80068 5 0
6.136086 -2.80298 5 0
6.137759 -2.80536 5 0
6.139191 -2.80477 5 0
6.142942 -2.80564 5 0
6.138001 -2.80625 5 0
6.132312 -2.80521 5 0
6.129789 -2.80860 5 0
6.129078 -2.80924 5 0
6.130180 -2.81085 5 0
6.134226 -2.81033 5 0
6.132515 -2.80923 5 0
6.134483 -2.80772 5 0
6.135241 -2.80394 5 0
6.133470 -2.80522 5 0
6.132577 -2.80741 5 0
6.134409 -2.80712 5 0
6.134101 -2.80717 5 0
6.129427 -2.80569 5 0
6.131410 -2.80821 5 0
6.132413 -2.81034 5 0
6.136349 -2.80735 5 0
6.138045 -2.80358 5 0
6.138466 -2.80274 5 0
6.138109 -2.80520 5 0
6.137553 -2.80467 5 0
6.134691 -2.80602 5 0
6.132421 -2.80768 5 0
6.136106 -2.80788 5 0
6.137149 -2.80507 5 0
6.135202 -2.79859 5 0
6.134138 -2.80356 5 0
6.133753 -2.80393 5 0
6.131475 -2.80554 5 0
6.131193 -2.80447 5 0
6.133429 -2.80669 5 0
6.138350 -2.81045 5 0
6.138651 -2.81310 5 0
6.136813 -2.81415 5 0
6.133380 -2.81055 5 0
6.136664 -2.80550 5 0
6.136072 -2.80645 5 0
6.136135 -2.80335 5 0
6.134082 -2.80662 5 0
6.131315 -2.80845 5 0
6.132554 -2.80759 5 0
6.131292 -2.80749 5 0
6.134328 -2.80693 5 0
6.137221 -2.80833 5 0
6.135629 -2.80745 5 0
6.136606 -2.80201 5 0
6.136957 -2.80225 5 0
6.133380 -2.80408 5 0
6.135866 -2.80330 5 0
6.136399 -2.80374 5 0
6.133509 -2.80715 5 0
6.132920 -2.80214 5 0
6.135817 -2.80138 5 0
6.134999 -2.80292 5 0
6.134582 -2.80248 5 0
6.133509 -2.80428 5 0
6.133554 -2.80573 5 0
6.129684 -2.80643 5 0
6.130222 -2.80802 5 0
6.134243 -2.80404 5 0
6.137593 -2.80443 5 0
6.136927 -2.80660 5 0
6.135209 -2.80631 5 0
6.136040 -2.81039 5 0
6.138899 -2.80987 5 0
6.138901 -2.81134 5 0
6.139167 -2.80923 5 0
6.138345 -2.80899 5 0
6.137362 -2.80550 5 0
6.137242 -2.80571 5 0
6.136550 -2.80716 5 0
6.137765 -2.81182 5 0
6.139497 -2.80716 5 0
6.138581 -2.80388 5 0
6.134089 -2.79829 5 0
6.130885 -2.80245 5 0
6.133879 -2.80866 5 0
6.137534 -2.81384 5 0
6.141973 -2.81191 5 0
6.140250 -2.80696 5 0
6.137813 -2.80559 5 0
6.134787 -2.80432 5 0
6.134245 -2.80564 5 0
6.133896 -2.80642 5 0
6.134307 -2.80617 5 0
6.134161 -2.80792 5 0
6.133269 -2.80797 5 0
6.130943 -2.80784 5 0
6.128543 -2.80759 5 0
6.130734 -2.80648 5 0
6.137817 -2.80818 5 0
6.137619 -2.81256 5 0
6.133759 -2.81436 5 0
6.137599 -2.81163 5 0
6.136031 -2.80574 5 0
6.137440 -2.80315 5 0
6.132320 -2.79998 5 0
6.132509 -2.80316 5 0
6.136197 -2.80450 5 0
6.137519 -2.80967 5 0
6.139322 -2.81385 5 0
6.137116 -2.81006 5 0
6.134478 -2.80660 5 0
6.134599 -2.80432 5 0
6.135408 -2.80721 5 0
6.139101 -2.80881 5 0
6.137064 -2.80896 5 0
6.135992 -2.80650 5 0
6.133796 -2.80558 5 0
6.133378 -2.80143 5 0
6.139787 -2.80020 5 0
6.140579 -2.80126 5 0
6.140257 -2.80366 5 0
6.138618 -2.80593 5 0
6.138002 -2.80721 5 0
6.139538 -2.80581 5 0
6.139423 -2.80621 5 0
6.137845 -2.80726 5 0
6.135851 -2.80606 5 0
6.134304 -2.80848 5 0
6.135747 -2.80628 5 0
6.135404 -2.81099 5 0
6.136311 -2.80941 5 0
6.137793 -2.81211 5 0
6.137848 -2.80917 5 0
6.133687 -2.80328 5 0
6.131553 -2.80466 5 0
6.131064 -2.80830 5 0
6.135393 -2.80829 5 0
6.138181 -2.80697 5 0
6.140559 -2.80763 5 0
6.139573 -2.80682 5 0
6.139046 -2.80736 5 0
6.135660 -2.80782 5 0
6.132883 -2.80336 5 0
6.135488 -2.80283 5 0
6.131631 -2.80576 5 0
6.130046 -2.80580 5 0
6.127602 -2.80743 5 0
6.130672 -2.80753 5 0
6.137717 -2.80595 5 0
6.139356 -2.80619 5 0
6.136947 -2.80394 5 0
6.137639 -2.80458 5 0
6.135477 -2.80432 5 0
6.134926 -2.80748 5 0
6.133123 -2.80569 5 0
6.131588 -2.80787 5 0
6.130900 -2.80717 5 0
6.128780 -2.80698 5 0
6.129373 -2.80892 5 0
6.131081 -2.81031 5 0
6.133738 -2.80856 5 0
6.138110 -2.80665 5 0
6.139566 -2.80401 5 0
6.137292 -2.80176 5 0
6.137832 -2.80794 5 0
6.138209 -2.80733 5 0
6.135356 -2.80555 5 0
6.138311 -2.80414 5 0
6.137404 -2.80550 5 0
6.133764 -2.80723 5 0
6.130129 -2.81091 5 0
6.129921 -2.81152 5 0
6.130603 -2.81174 5 0
6.135513 -2.81282 5 0
6.137942 -2.81071 5 0
6.136788 -2.80782 5 0
6.134409 -2.80451 5 0
6.132591 -2.79990 5 0
6.136129 -2.80180 5 0
6.134231 -2.80498 5 0
6.137128 -2.80726 5 0
6.138833 -2.80648 5 0
6.132091 -2.80971 5 0
6.128370 -2.81398 5 0
6.127764 -2.80994 5 0
6.132348 -2.80726 5 0
6.132828 -2.80767 5 0
6.137008 -2.80492 5 0
6.138085 -2.80237 5 0
6.133980 -2.80875 5 0
6.132763 -2.81016 5 0
6.132030 -2.80859 5 0
6.129461 -2.80605 5 0
6.130366 -2.80167 5 0
6.131159 -2.79977 5 0
6.131060 -2.80225 5 0
6.134197 -2.80817 5 0
6.139180 -2.80896 5 0
6.138017 -2.80970 5 0
6.134940 -2.80879 5 0
6.132742 -2.80402 5 0
6.131146 -2.80071 5 0
6.131746 -2.80338 5 0
6.134105 -2.80410 5 0
6.135536 -2.80624 5 0
6.136671 -2.80784 5 0
6.135366 -2.80894 5 0
6.132210 -2.81014 5 0
6.128934 -2.80827 5 0
6.129653 -2.80439 5 0
6.135709 -2.80509 5 0
6.136906 -2.80700 5 0
6.139450 -2.80971 5 0
6.140546 -2.80891 5 0
6.137110 -2.80592 5 0
6.135521 -2.80316 5 0
6.132882 -2.80081 5 0
6.135083 -2.80564 5 0
6.132552 -2.80402 5 0
6.134968 -2.80535 5 0
6.134534 -2.80279 5 0
6.133007 -2.80370 5 0
6.132452 -2.80331 5 0
6.133189 -2.80290 5 0
6.133703 -2.80606 5 0
6.131015 -2.80724 5 0
6.131783 -2.80642 5 0
6.133336 -2.80480 5 0
6.133124 -2.80567 5 0
6.132638 -2.80521 5 0
6.131221 -2.80603 5 0
6.128884 -2.80779 5 0
6.127941 -2.81057 5 0
6.128057 -2.80847 5 0
6.131485 -2.80883 5 0
6.131840 -2.80847 5 0
6.132614 -2.80877 5 0
6.132330 -2.80949 5 0
6.136430 -2.80864 5 0
6.135981 -2.80594 5 0
6.136650 -2.79986 5 0
6.135409 -2.80013 5 0
6.134758 -2.80288 5 0
6.130117 -2.80583 5 0
6.130368 -2.80552 5 0
6.130644 -2.80669 5 0
6.131954 -2.80534 5 0
6.135054 -2.80283 5 0
6.134708 -2.80379 5 0
6.138339 -2.80114 5 0
6.136951 -2.80255 5 0
6.134934 -2.80297 5 0
6.135027 -2.80199 5 0
6.137089 -2.80379 5 0
6.138659 -2.80670 5 0
6.138280 -2.80780 5 0
6.137074 -2.80940 5 0
6.134384 -2.80642 5 0
6.131051 -2.80284 5 0
6.131240 -2.80153 5 0
6.133028 -2.80248 5 0
6.130899 -2.80450 5 0
6.131589 -2.80082 5 0
6.135934 -2.80150 5 0
6.139150 -2.80633 5 0
6.137204 -2.80940 5 0
6.138377 -2.80345 5 0
6.133926 -2.80331 5 0
6.132671 -2.80015 5 0
6.133787 -2.80120 5 0
6.134109 -2.80410 5 0
6.135120 -2.80428 5 0
6.135328 -2.80414 5 0
6.136988 -2.80435 5 0
6.134672 -2.80540 5 0
6.134262 -2.80519 5 0
6.133752 -2.80192 5 0
6.131967 -2.80300 5 0
6.135947 -2.80390 5 0
6.138821 -2.80339 5 0
6.135254 -2.80640 5 0
6.135229 -2.80601 5 0
6.133671 -2.80806 5 0
6.132426 -2.81235 5 0
6.134197 -2.81475 5 0
6.136076 -2.80879 5 0
6.138313 -2.80850 5 0
6.137766 -2.80597 5 0
6.141380 -2.80495 5 0
6.134363 -2.80321 5 0
6.133451 -2.80442 5 0
6.133251 -2.80590 5 0
6.133296 -2.80562 5 0
6.134937 -2.80971 5 0
6.136195 -2.80625 5 0
6.137205 -2.80539 5 0
6.132966 -2.80305 5 0
6.130381 -2.79919 5 0
6.131173 -2.80073 5 0
6.132050 -2.80391 5 0
6.133038 -2.80448 5 0
6.134646 -2.80629 5 0
6.136727 -2.80264 5 0
6.137817 -2.80184 5 0
6.135352 -2.80424 5 0
6.132439 -2.80755 5 0
6.132473 -2.81110 5 0
6.131931 -2.81096 5 0
6.130467 -2.81415 5 0
6.130166 -2.81239 5 0
6.131455 -2.80840 5 0
6.130539 -2.80229 5 0
6.132399 -2.80085 5 0
6.135369 -2.80240 5 0
6.136959 -2.80556 5 0
6.138161 -2.80656 5 0
6.132910 -2.80388 5 0
6.129300 -2.80372 5 0
6.130469 -2.80794 5 0
6.133689 -2.81080 5 0
6.139982 -2.81033 5 0
6.141312 -2.80564 5 0
6.138346 -2.80503 5 0
6.135757 -2.80626 5 0
6.132732 -2.80438 5 0
6.132621 -2.80278 5 0
6.134543 -2.80208 5 0
6.135892 -2.80129 5 0
6.138157 -2.80299 5 0
6.138231 -2.80720 5 0
6.139147 -2.80907 5 0
6.136650 -2.80938 5 0
6.135090 -2.80429 5 0
6.134173 -2.80267 5 0
6.136748 -2.80230 5 0
6.135243 -2.80490 5 0
6.135914 -2.80386 5 0
6.139126 -2.80643 5 0
6.137458 -2.80297 5 0
6.138620 -2.79896 5 0
6.135796 -2.80076 5 0
6.136807 -2.80002 5 0
6.136656 -2.80311 5 0
6.136088 -2.80635 5 0
6.134636 -2.80437 5 0
6.136803 -2.80188 5 0
6.137613 -2.80703 5 0
6.133802 -2.80776 5 0
6.132217 -2.80668 5 0
6.135681 -2.80487 5 0
6.134945 -2.80567 5 0
6.133389 -2.80822 5 0
6.131712 -2.80423 5 0
6.130832 -2.80325 5 0
6.131044 -2.80236 5 0
6.133080 -2.80391 5 0
6.135412 -2.80560 5 0
6.136181 -2.80819 5 0
6.134357 -2.81108 5 0
6.131392 -2.80530 5 0
6.130072 -2.80057 5 0
6.131380 -2.80038 5 0
6.136133 -2.80305 5 0
6.135082 -2.80477 5 0
6.134544 -2.80527 5 0
6.136322 -2.80455 5 0
6.134538 -2.80632 5 0
6.135114 -2.80661 5 0
6.137121 -2.80651 5 0
6.136630 -2.80475 5 0
6.134162 -2.80408 5 0
6.135933 -2.80792 5 0
6.136455 -2.80626 5 0
6.136423 -2.80658 5 0
6.136640 -2.80828 5 0
6.136957 -2.80389 5 0
6.135342 -2.80182 5 0
6.135616 -2.80342 5 0
6.135208 -2.80338 5 0
6.133722 -2.80185 5 0
6.131898 -2.80508 5 0
6.132038 -2.80640 5 0
6.133935 -2.80642 5 0
6.135310 -2.80785 5 0
6.133525 -2.80611 5 0
6.129827 -2.80348 5 0
6.131165 -2.80047 5 0
6.131282 -2.80378 5 0
6.132826 -2.80629 5 0
6.133678 -2.80518 5 0
6.135383 -2.80351 5 0
6.135688 -2.80450 5 0
6.135871 -2.80304 5 0
6.135455 -2.80146 5 0
6.132736 -2.80316 5 0
6.133974 -2.80496 5 0
6.131443 -2.80711 5 0
6.130458 -2.80630 5 0
6.133465 -2.80653 5 0
6.135903 -2.80698 5 0
6.138172 -2.80752 5 0
6.138501 -2.80766 5 0
6.137696 -2.80557 5 0
6.136677 -2.80422 5 0
6.132791 -2.80005 5 0
6.130009 -2.80461 5 0
6.131463 -2.80422 5 0
6.131322 -2.80615 5 0
6.129891 -2.80904 5 0
6.134226 -2.81043 5 0
6.139403 -2.80804 5 0
6.142544 -2.80716 5 0
6.141581 -2.80677 5 0
6.134899 -2.80420 5 0
6.131460 -2.80351 5 0
6.131016 -2.80196 5 0
6.132618 -2.80588 5 0
6.135771 -2.80798 5 0
6.136457 -2.80803 5 0
6.137417 -2.80812 5 0
6.137087 -2.80776 5 0
6.136641 -2.80291 5 0
6.134234 -2.80163 5 0
6.134462 -2.80182 5 0
6.132965 -2.80378 5 0
6.131143 -2.80749 5 0
6.129188 -2.80518 5 0
6.130291 -2.80420 5 0
6.134189 -2.80018 5 0
6.134464 -2.80240 5 0
6.137011 -2.80498 5 0
6.134811 -2.80441 5 0
6.133693 -2.80385 5 0
6.134434 -2.80763 5 0
6.131352 -2.80612 5 0
6.134457 -2.80487 5 0
6.136439 -2.80459 5 0
6.134611 -2.80425 5 0
6.133074 -2.80252 5 0
6.132727 -2.80241 5 0
6.134928 -2.80388 5 0
6.133728 -2.80727 5 0
6.129200 -2.80773 5 0
6.129263 -2.80448 5 0
6.127753 -2.80073 5 0
6.129099 -2.80670 5 0
6.132482 -2.80879 5 0
6.131410 -2.80455 5 0
6.136668 -2.80456 5 0
6.142042 -2.80379 5 0
6.146038 -2.80483 5 0
6.142185 -2.80806 5 0
6.138041 -2.80585 5 0
6.132219 -2.80366 5 0
6.131024 -2.80049 5 0
6.133675 -2.80186 5 0
6.133182 -2.80534 5 0
6.132344 -2.80538 5 0
6.134077 -2.80900 5 0
6.135292 -2.80761 5 0
6.136837 -2.80447 5 0
6.139448 -2.80371 5 0
6.136085 -2.80475 5 0
6.133629 -2.80518 5 0
6.133610 -2.81011 5 0
6.136335 -2.80923 5 0
6.134913 -2.80805 5 0
6.132882 -2.80832 5 0
6.129485 -2.80820 5 0
6.127046 -2.80555 5 0
6.128313 -2.80555 5 0
6.131858 -2.81013 5 0
6.134576 -2.80640 5 0
6.138031 -2.80125 5 0
6.139941 -2.80256 5 0
6.138708 -2.79911 5 0
6.135429 -2.79972 5 0
6.135302 -2.80445 5 0
6.134858 -2.80853 5 0
6.130958 -2.80840 5 0
6.129293 -2.80856 5 0
6.130541 -2.80427 5 0
6.129794 -2.80207 5 0
6.130805 -2.80528 5 0
6.133556 -2.80728 5 0
6.139226 -2.80725 5 0
6.138967 -2.80583 5 0
6.138416 -2.80331 5 0
6.135950 -2.80327 5 0
6.132827 -2.80347 5 0
6.129492 -2.80103 5 0
6.131891 -2.80092 5 0
6.133422 -2.80369 5 0
6.135724 -2.80276 5 0
6.132660 -2.80697 5 0
6.132078 -2.80688 5 0
6.133342 -2.80592 5 0
6.136704 -2.80403 5 0
6.138394 -2.80343 5 0
6.135412 -2.80318 5 0
6.132624 -2.80219 5 0
6.136283 -2.80672 5 0
6.135981 -2.80847 5 0
6.131249 -2.80838 5 0
6.130256 -2.80833 5 0
6.129511 -2.80849 5 0
6.132298 -2.80795 5 0
6.136474 -2.80800 5 0
6.138483 -2.80847 5 0
6.135683 -2.80521 5 0
6.134213 -2.80513 5 0
6.135134 -2.80311 5 0
6.138200 -2.80445 5 0
6.138628 -2.80164 5 0
6.138180 -2.80222 5 0
6.137028 -2.80513 5 0
6.134442 -2.80870 5 0
6.132744 -2.80923 5 0
6.132038 -2.81043 5 0
6.129217 -2.81134 5 0
6.128753 -2.80623 5 0
6.132617 -2.79989 5 0
6.136875 -2.79746 5 0
6.139644 -2.79974 5 0
6.140267 -2.80563 5 0
6.136929 -2.80744 5 0
6.136620 -2.80622 5 0
6.132710 -2.80795 5 0
6.130244 -2.80882 5 0
6.130424 -2.80823 5 0
6.130808 -2.80833 5 0
6.134355 -2.80979 5 0
6.138172 -2.80781 5 0
6.138453 -2.80413 5 0
6.136079 -2.80554 5 0
6.132121 -2.80407 5 0
6.135195 -2.80392 5 0
6.133957 -2.80598 5 0
6.131159 -2.80612 5 0
6.135040 -2.80645 5 0
6.135689 -2.80632 5 0
6.137919 -2.80868 5 0
6.138282 -2.80916 5 0
6.138654 -2.80782 5 0
6.136516 -2.80239 5 0
6.135349 -2.80209 5 0
6.135691 -2.79899 5 0
6.137548 -2.79847 5 0
6.136933 -2.79969 5 0
6.135726 -2.80835 5 0
6.137458 -2.80872 5 0
6.136575 -2.80773 5 0
6.134296 -2.80588 5 0
6.132350 -2.80579 5 0
6.132662 -2.80384 5 0
6.130933 -2.80433 5 0
6.130557 -2.80824 5 0
6.133719 -2.81042 5 0
6.134308 -2.81081 5 0
6.132239 -2.81003 5 0
6.134437 -2.80679 5 0
6.133764 -2.80454 5 0
6.135005 -2.80477 5 0
6.132042 -2.80371 5 0
6.130297 -2.80453 5 0
6.132657 -2.80664 5 0
6.133940 -2.80908 5 0
6.137389 -2.80899 5 0
6.140120 -2.80717 5 0
6.136624 -2.80735 5 0
6.132800 -2.80693 5 0
6.130839 -2.80835 5 0
6.133469 -2.80805 5 0
6.134051 -2.80789 5 0
6.134593 -2.80462 5 0
6.131866 -2.80792 5 0
6.130747 -2.80750 5 0
6.131307 -2.80761 5 0
6.134779 -2.80769 5 0
6.134216 -2.80704 5 0
6.135901 -2.80636 5 0
6.136573 -2.80431 5 0
6.135440 -2.80583 5 0
6.134491 -2.80309 5 0
6.131909 -2.80126 5 0
6.132984 -2.79844 5 0
6.135871 -2.80064 5 0
6.135247 -2.80214 5 0
6.134553 -2.80556 5 0
6.133513 -2.80715 5 0
6.133385 -2.80842 5 0
6.134731 -2.80731 5 0
6.136546 -2.80797 5 0
6.138610 -2.80791 5 0
6.136252 -2.80509 5 0
6.137094 -2.80594 5 0
6.139461 -2.80475 5 0
6.139474 -2.80054 5 0
6.134601 -2.80328 5 0
6.133734 -2.80440 5 0
6.132074 -2.80677 5 0
6.133353 -2.80836 5 0
6.135861 -2.80718 5 0
6.136530 -2.81096 5 0
6.135532 -2.80699 5 0
6.138200 -2.80324 5 0
6.135975 -2.80163 5 0
6.136280 -2.80229 5 0
6.137885 -2.80724 5 0
6.137671 -2.80874 5 0
6.136093 -2.81072 5 0
6.134389 -2.81010 5 0
6.135788 -2.80883 5 0
6.135587 -2.80899 5 0
6.134697 -2.80499 5 0
6.133328 -2.80145 5 0
6.131523 -2.80478 5 0
6.131359 -2.80515 5 0
6.131864 -2.80729 5 0
6.132586 -2.80920 5 0
6.130592 -2.80648 5 0
6.131869 -2.80123 5 0
6.133818 -2.79997 5 0
6.132828 -2.80227 5 0
6.132826 -2.80643 5 0
6.136109 -2.80946 5 0
6.133023 -2.80871 5 0
6.132689 -2.80469 5 0
6.133744 -2.80418 5 0
6.135119 -2.80643 5 0
6.134753 -2.80688 5 0
6.134309 -2.80744 5 0
6.135067 -2.80853 5 0
6.137438 -2.80997 5 0
6.137407 -2.80642 5 0
6.137259 -2.80826 5 0
6.137231 -2.80605 5 0
6.136827 -2.80665 5 0
6.136038 -2.80182 5 0
6.131922 -2.80180 5 0
6.132019 -2.80233 5 0
6.131481 -2.80564 5 0
6.130915 -2.80591 5 0
6.136099 -2.80583 5 0
6.137160 -2.80646 5 0
6.137137 -2.80522 5 0
6.135886 -2.80762 5 0
6.136410 -2.80572 5 0
6.136648 -2.80531 5 0
6.135036 -2.80550 5 0
6.136074 -2.80307 5 0
6.138494 -2.80353 5 0
6.139300 -2.80459 5 0
6.134378 -2.80403 5 0
6.129530 -2.80904 5 0
6.132422 -2.80913 5 0
6.133836 -2.80703 5 0
6.133470 -2.80542 5 0
6.136723 -2.80440 5 0
6.137305 -2.80491 5 0
6.136615 -2.80988 5 0
6.138188 -2.80609 5 0
6.137885 -2.80309 5 0
6.138752 -2.80272 5 0
6.135274 -2.80238 5 0
6.131491 -2.80269 5 0
6.130479 -2.80131 5 0
6.130741 -2.80442 5 0
6.134652 -2.80549 5 0
6.134800 -2.80639 5 0
6.134873 -2.80728 5 0
6.136568 -2.80716 5 0
6.137925 -2.80604 5 0
6.137193 -2.80286 5 0
6.138493 -2.80126 5 0
6.137192 -2.80436 5 0
6.136758 -2.80626 5 0
6.134947 -2.80398 5 0
6.130598 -2.80735 5 0
6.131710 -2.80686 5 0
6.131447 -2.80904 5 0
6.133620 -2.81109 5 0
6.133299 -2.80757 5 0
6.136193 -2.80404 5 0
6.135694 -2.80461 5 0
6.137558 -2.80672 5 0
6.136438 -2.80343 5 0
6.133786 -2.80378 5 0
6.134240 -2.80673 5 0
6.134688 -2.80895 5 0
6.131747 -2.80925 5 0
6.130362 -2.80667 5 0
6.133937 -2.80536 5 0
6.138062 -2.80385 5 0
6.137688 -2.80875 5 0
6.136020 -2.80763 5 0
6.135527 -2.80654 5 0
6.136413 -2.80367 5 0
6.137639 -2.80277 5 0
6.138908 -2.80369 5 0
6.138528 -2.80625 5 0
6.135649 -2.80977 5 0
6.135361 -2.80851 5 0
6.135533 -2.80837 5 0
6.136925 -2.80793 5 0
6.133324 -2.80554 5 0
6.131512 -2.80381 5 0
6.133053 -2.80168 5 0
6.132720 -2.80350 5 0
6.136746 -2.80503 5 0
6.140574 -2.80897 5 0
6.137430 -2.81089 5 0
6.134561 -2.80976 5 0
6.131385 -2.80955 5 0
6.130088 -2.81140 5 0
6.126633 -2.80996 5 0
6.131077 -2.80835 5 0
6.136344 -2.80273 5 0
6.136428 -2.80218 5 0
6.134931 -2.80344 5 0
6.134481 -2.80483 5 0
6.135758 -2.80706 5 0
6.136787 -2.80689 5 0
6.135874 -2.80815 5 0
6.136368 -2.80759 5 0
6.137747 -2.80775 5 0
6.133921 -2.80677 5 0
6.131493 -2.80797 5 0
6.132717 -2.80740 5 0
6.132438 -2.80811 5 0
6.131651 -2.80535 5 0
6.134874 -2.80219 5 0
6.136954 -2.79924 5 0
6.135961 -2.80068 5 0
6.135408 -2.80335 5 0
6.135155 -2.80453 5 0
6.132457 -2.80488 5 0
6.127486 -2.80382 5 0
6.127984 -2.80677 5 0
6.131518 -2.80885 5 0
6.130641 -2.80877 5 0
6.130215 -2.80490 5 0
6.135811 -2.80935 5 0
6.136942 -2.80928 5 0
6.138377 -2.80659 5 0
6.138965 -2.80512 5 0
6.141743 -2.80452 5 0
6.139723 -2.80510 5 0
6.134982 -2.80578 5 0
6.136246 -2.80596 5 0
6.135191 -2.80683 5 0
6.134358 -2.80565 5 0
6.133958 -2.80391 5 0
6.134784 -2.80294 5 0
6.134421 -2.80456 5 0
6.131844 -2.80364 5 0
6.132499 -2.80229 5 0
6.136362 -2.80492 5 0
6.137484 -2.80572 5 0
6.138353 -2.80554 5 0
6.136051 -2.80874 5 0
6.135506 -2.80566 5 0
6.133482 -2.80575 5 0
6.132628 -2.80451 5 0
6.133646 -2.80226 5 0
6.132895 -2.80307 5 0
6.133054 -2.80485 5 0
6.134763 -2.80573 5 0
6.138358 -2.80576 5 0
6.138006 -2.80454 5 0
6.136361 -2.80325 5 0
6.135629 -2.80334 5 0
6.135011 -2.80419 5 0
6.134404 -2.80444 5 0
6.131383 -2.80548 5 0
6.131243 -2.80317 5 0
6.133290 -2.80319 5 0
6.137792 -2.80530 5 0
6.136459 -2.80554 5 0
6.132566 -2.80680 5 0
6.132671 -2.80323 5 0
6.134117 -2.80306 5 0
6.132722 -2.79981 5 0
6.129973 -2.79988 5 0
6.133500 -2.80348 5 0
6.132303 -2.80746 5 0
6.133452 -2.80895 5 0
6.131707 -2.81058 5 0
6.132096 -2.80777 5 0
6.131710 -2.80657 5 0
6.132647 -2.80520 5 0
6.133322 -2.80600 5 0
6.134226 -2.80517 5 0
6.134742 -2.80386 5 0
6.135627 -2.80573 5 0
6.134533 -2.80563 5 0
6.132688 -2.80653 5 0
6.134369 -2.80893 5 0
6.135111 -2.81015 5 0
6.133370 -2.81078 5 0
6.131829 -2.80796 5 0
6.131406 -2.80734 5 0
6.132123 -2.80285 5 0
6.132963 -2.80371 5 0
6.135413 -2.80562 5 0
6.133320 -2.80576 5 0
6.130377 -2.80457 5 0
6.132264 -2.80293 5 0
6.133495 -2.79986 5 0
6.134948 -2.80232 5 0
6.135495 -2.80147 5 0
6.132907 -2.80372 5 0
6.129824 -2.80210 5 0
6.128823 -2.80664 5 0
6.130983 -2.80958 5 0
6.136031 -2.80815 5 0
6.137114 -2.80665 5 0
6.136209 -2.80455 5 0
6.134780 -2.80242 5 0
6.134879 -2.80009 5 0
6.134073 -2.79874 5 0
6.131894 -2.80143 5 0
6.133740 -2.80616 5 0
6.133888 -2.80383 5 0
6.135622 -2.80370 5 0
6.135079 -2.80403 5 0
6.135296 -2.80606 5 0
6.133326 -2.80512 5 0
6.132436 -2.80448 5 0
6.133467 -2.80520 5 0
6.132602 -2.80828 5 0
6.132634 -2.80746 5 0
6.132743 -2.80727 5 0
6.131315 -2.80516 5 0
6.135023 -2.80242 5 0
6.134279 -2.80029 5 0
6.135038 -2.79908 5 0
6.131648 -2.80334 5 0
6.130966 -2.80951 5 0
6.131951 -2.81217 5 0
6.135753 -2.81218 5 0
6.136849 -2.80692 5 0
6.137042 -2.80369 5 0
6.134968 -2.80248 5 0
6.134944 -2.80007 5 0
6.135352 -2.80351 5 0
6.138211 -2.80400 5 0
6.137206 -2.80261 5 0
6.134718 -2.80457 5 0
6.132433 -2.80654 5 0
6.130541 -2.80493 5 0
6.130432 -2.80450 5 0
6.134046 -2.80241 5 0
6.139563 -2.80320 5 0
6.136981 -2.80483 5 0
6.134407 -2.80845 5 0
6.132882 -2.80990 5 0
6.132136 -2.80899 5 0
6.134149 -2.80514 5 0
6.134205 -2.80268 5 0
6.135410 -2.80011 5 0
6.135912 -2.80243 5 0
6.131926 -2.80620 5 0
6.132588 -2.80465 5 0
6.132204 -2.80549 5 0
6.133407 -2.80727 5 0
6.133979 -2.80484 5 0
6.135039 -2.80306 5 0
6.135820 -2.80447 5 0
6.135175 -2.80599 5 0
6.134925 -2.80728 5 0
6.131044 -2.80508 5 0
6.133485 -2.80364 5 0
6.136259 -2.80337 5 0
6.131967 -2.80398 5 0
6.131397 -2.80666 5 0
6.131489 -2.80754 5 0
6.136187 -2.80844 5 0
6.140267 -2.80976 5 0
6.137305 -2.80713 5 0
6.136179 -2.80727 5 0
6.134680 -2.80718 5 0
6.136038 -2.80518 5 0
6.137246 -2.80332 5 0
6.138005 -2.80194 5 0
6.140602 -2.80011 5 0
6.139907 -2.80552 5 0
6.138224 -2.80732 5 0
6.138440 -2.81039 5 0
6.136238 -2.81325 5 0
6.133599 -2.80957 5 0
6.134610 -2.80512 5 0
6.136695 -2.80389 5 0
6.140508 -2.80465 5 0
6.140023 -2.80254 5 0
6.137286 -2.80482 5 0
6.133994 -2.80673 5 0
6.135174 -2.80936 5 0
6.131640 -2.80953 5 0
6.130246 -2.80548 5 0
6.132716 -2.80162 5 0
6.133910 -2.80688 5 0
6.136684 -2.80990 5 0
6.138975 -2.80571 5 0
6.140677 -2.80469 5 0
6.137557 -2.80524 5 0
6.134706 -2.80550 5 0
6.132335 -2.80738 5 0
6.130412 -2.80590 5 0
6.131309 -2.80388 5 0
6.132440 -2.80215 5 0
6.135964 -2.80204 5 0
6.135616 -2.80114 5 0
6.130778 -2.80309 5 0
6.128117 -2.80835 5 0
6.127689 -2.80845 5 0
6.130950 -2.80956 5 0
6.134219 -2.80795 5 0
6.133013 -2.80842 5 0
6.134275 -2.81240 5 0
6.134778 -2.80821 5 0
6.132482 -2.80862 5 0
6.135056 -2.80783 5 0
6.133985 -2.80825 5 0
6.130603 -2.80650 5 0
6.133017 -2.80599 5 0
6.133037 -2.80670 5 0
6.133776 -2.81115 5 0
6.132205 -2.80901 5 0
6.132328 -2.80753 5 0
6.131183 -2.80328 5 0
6.134630 -2.80134 5 0
6.135925 -2.80093 5 0
6.134560 -2.80421 5 0
6.138298 -2.80549 5 0
6.142356 -2.80643 5 0
6.145419 -2.80565 5 0
6.138463 -2.80776 5 0
6.138608 -2.80809 5 0
6.138244 -2.80511 5 0
6.139520 -2.80690 5 0
6.143021 -2.80211 5 0
6.145963 -2.80601 5 0
6.146669 -2.80681 5 0
6.147412 -2.80610 5 0
6.145701 -2.80672 5 0
6.145201 -2.80215 5 0
6.145688 -2.79848 5 0
6.141066 -2.79861 5 0
6.138474 -2.79890 5 0
6.134972 -2.79915 5 0
6.132492 -2.80068 5 0
6.131343 -2.80583 5 0
6.131352 -2.81178 5 0
6.130419 -2.81504 5 0
6.130860 -2.81356 5 0
6.135501 -2.81233 5 0
6.139706 -2.81111 5 0
6.143465 -2.80969 5 0
6.142886 -2.80871 5 0
6.138569 -2.80575 5 0
6.134843 -2.80184 5 0
6.137408 -2.79722 5 0
6.134679 -2.79619 5 0
6.136200 -2.80363 5 0
6.138166 -2.80461 5 0
6.136603 -2.80443 5 0
6.130191 -2.80479 5 0
6.124545 -2.80307 5 0
6.123613 -2.80850 5 0
6.125381 -2.80769 5 0
6.134283 -2.80732 5 0
6.138554 -2.80254 5 0
6.139322 -2.79876 5 0
6.135552 -2.80141 5 0
6.130302 -2.80720 5 0
6.125901 -2.81190 5 0
6.124978 -2.81175 5 0
6.128446 -2.80765 5 0
6.124637 -2.80578 5 0
6.122380 -2.80343 5 0
6.127303 -2.79760 5 0
6.132545 -2.79520 5 0
6.134159 -2.79668 5 0
6.133537 -2.79720 5 0
6.134240 -2.79814 5 0
6.135648 -2.80753 5 0
6.135599 -2.81014 5 0
6.133381 -2.81044 5 0
6.133957 -2.80895 5 0
6.127576 -2.81066 5 0
6.124744 -2.80947 5 0
6.131288 -2.80014 5 0
6.133738 -2.79803 5 0
6.136953 -2.79500 5 0
6.138385 -2.79911 5 0
6.144274 -2.80127 5 0
6.143937 -2.80177 5 0
6.143274 -2.80111 5 0
6.139827 -2.80095 5 0
6.135966 -2.80067 5 0
6.135434 -2.80301 5 0
6.137849 -2.79997 5 0
6.136663 -2.79922 5 0
6.136225 -2.80173 5 0
6.138086 -2.80248 5 0
6.139094 -2.80099 5 0
6.141459 -2.80008 5 0
6.138752 -2.79944 5 0
6.132201 -2.79852 5 0
6.130946 -2.79858 5 0
6.132848 -2.79723 5 0
6.134811 -2.79781 5 0
6.138294 -2.79729 5 0
6.143646 -2.79963 5 0
6.143451 -2.80363 5 0
6.145766 -2.80353 5 0
6.141151 -2.80148 5 0
6.137461 -2.79960 5 0
6.133606 -2.79514 5 0
6.134584 -2.79768 5 0
6.133481 -2.80784 5 0
6.135199 -2.80670 5 0
6.139102 -2.80609 5 0
6.140322 -2.80584 5 0
6.143314 -2.80246 5 0
6.146345 -2.80191 5 0
6.147618 -2.79549 5 0
6.145330 -2.79867 5 0
6.141605 -2.79908 5 0
6.136833 -2.80374 5 0
6.140090 -2.80146 5 0
6.138620 -2.80655 5 0
6.136699 -2.80472 5 0
6.134941 -2.80305 5 0
6.138526 -2.80173 5 0
6.135507 -2.80382 5 0
6.131587 -2.80277 5 0
6.132447 -2.80171 5 0
6.126304 -2.80929 5 0
6.123182 -2.81534 5 0
6.122208 -2.81502 5 0
6.128728 -2.80831 5 0
6.137901 -2.80317 5 0
6.142093 -2.79855 5 0
6.144863 -2.79887 5 0
6.144261 -2.80158 5 0
6.146244 -2.80055 5 0
6.142669 -2.80173 5 0
6.141119 -2.79875 5 0
6.142716 -2.79917 5 0
6.141112 -2.80092 5 0
6.141395 -2.80134 5 0
6.139730 -2.80170 5 0
6.138342 -2.79822 5 0
6.140117 -2.79350 5 0
6.138184 -2.79859 5 0
6.139510 -2.79722 5 0
6.138585 -2.79865 5 0
6.138907 -2.79927 5 0
6.142330 -2.80140 5 0
6.139590 -2.80306 5 0
6.136552 -2.80152 5 0
6.135882 -2.80422 5 0
6.128176 -2.80737 5 0
6.130415 -2.80301 5 0
6.134004 -2.80050 5 0
6.135662 -2.80254 5 0
6.139743 -2.80401 5 0
6.140774 -2.80541 5 0
6.136161 -2.80538 5 0
6.135585 -2.80353 5 0
6.135919 -2.80242 5 0
6.139788 -2.80261 5 0
6.140844 -2.80100 5 0
6.139077 -2.80227 5 0
6.136147 -2.80557 5 0
6.136061 -2.80417 5 0
6.138337 -2.80109 5 0
6.142647 -2.80095 5 0
6.143370 -2.80078 5 0
6.143971 -2.79985 5 0
6.138837 -2.79890 5 0
6.139191 -2.79917 5 0
6.138496 -2.79991 5 0
6.139565 -2.80105 5 0
6.137656 -2.80374 5 0
6.139233 -2.80500 5 0
6.141994 -2.80709 5 0
6.142728 -2.80804 5 0
6.143679 -2.80570 5 0
6.142582 -2.80666 5 0
6.138421 -2.80764 5 0
6.140637 -2.80528 5 0
6.135936 -2.80044 5 0
6.133766 -2.80130 5 0
6.139441 -2.79660 5 0
6.138084 -2.79767 5 0
6.137960 -2.80222 5 0
6.137960 -2.80442 5 0
6.138466 -2.80491 5 0
6.138817 -2.80065 5 0
6.140002 -2.80306 5 0
6.137312 -2.80477 5 0
6.138218 -2.80628 5 0
6.137481 -2.80411 5 0
6.135269 -2.80734 5 0
6.133019 -2.80634 5 0
6.137488 -2.80761 5 0
6.144156 -2.80629 5 0
6.144062 -2.80535 5 0
6.149158 -2.80802 5 0
6.150734 -2.81330 5 0
6.151018 -2.81756 5 0
6.145740 -2.81881 5 0
6.143682 -2.81608 5 0
6.135436 -2.81323 5 0
6.135428 -2.80955 5 0
6.135357 -2.80449 5 0
6.137873 -2.80545 5 0
6.140216 -2.80830 5 0
6.142998 -2.81281 5 0
6.151665 -2.81335 5 0
6.152236 -2.81060 5 0
6.154701 -2.81232 5 0
6.152846 -2.81106 5 0
6.148918 -2.80616 5 0
6.146902 -2.80036 5 0
6.145352 -2.80370 5 0
6.139214 -2.80988 5 0
6.133569 -2.81582 5 0
6.130703 -2.82079 5 0
6.133540 -2.82515 5 0
6.137318 -2.82282 5 0
6.137934 -2.82577 5 0
6.141164 -2.81847 5 0
6.141155 -2.81848 5 0
6.139496 -2.81298 5 0
6.140388 -2.80825 5 0
6.143407 -2.80268 5 0
6.145787 -2.79196 5 0
6.151352 -2.79525 5 0
6.150514 -2.79465 5 0
6.148060 -2.79783 5 0
6.144682 -2.80112 5 0
6.141519 -2.80754 5 0
6.139811 -2.81508 5 0
6.141008 -2.82079 5 0
6.141597 -2.82176 5 0
6.141915 -2.82096 5 0
6.142611 -2.81668 5 0
6.143632 -2.81078 5 0
6.139462 -2.80398 5 0
6.136389 -2.79692 5 0
6.133502 -2.79386 5 0
6.132505 -2.79173 5 0
6.129834 -2.79465 5 0
6.133682 -2.79237 5 0
6.136000 -2.79769 5 0
6.135391 -2.79568 5 0
6.133272 -2.80020 5 0
6.131564 -2.80148 5 0
6.131613 -2.80339 5 0
6.134524 -2.80769 5 0
6.139818 -2.80400 5 0
6.139077 -2.80726 5 0
6.142224 -2.81250 5 0
6.142074 -2.81724 5 0
6.142896 -2.81561 5 0
6.144722 -2.81584 5 0
6.142604 -2.81820 5 0
6.140005 -2.81852 5 0
6.140678 -2.81674 5 0
6.137843 -2.81308 5 0
6.136498 -2.80812 5 0
6.135081 -2.80857 5 0
6.132231 -2.81044 5 0
6.131682 -2.81222 5 0
6.131877 -2.81272 5 0
6.132091 -2.81782 5 0
6.133868 -2.81537 5 0
6.130252 -2.81457 5 0
6.131220 -2.81214 5 0
6.131156 -2.80867 5 0
6.128660 -2.81114 5 0
6.129749 -2.80929 5 0
6.130784 -2.80873 5 0
6.133033 -2.80873 5 0
6.135382 -2.80861 5 0
6.138839 -2.80829 5 0
6.141179 -2.81142 5 0
6.140729 -2.81728 5 0
6.139147 -2.82123 5 0
6.135739 -2.81260 5 0
6.135207 -2.80857 5 0
6.136678 -2.80440 5 0
6.139590 -2.80175 5 0
6.140210 -2.80238 5 0
6.144544 -2.80665 5 0
6.145615 -2.80553 5 0
6.141516 -2.80731 5 0
6.130549 -2.81022 5 0
6.126999 -2.81066 5 0
6.129149 -2.80641 5 0
6.132357 -2.80672 5 0
6.135091 -2.80919 5 0
6.136720 -2.80746 5 0
6.141912 -2.80938 5 0
6.145206 -2.80923 5 0
6.147735 -2.80478 5 0
6.144712 -2.80648 5 0
6.142091 -2.80307 5 0
6.140972 -2.80154 5 0
6.137479 -2.80106 5 0
6.134197 -2.80206 5 0
6.130342 -2.80562 5 0
6.130699 -2.80403 5 0
6.130612 -2.80499 5 0
6.131599 -2.80333 5 0
6.131840 -2.80428 5 0
6.133521 -2.80728 5 0
6.134407 -2.80672 5 0
6.138377 -2.80546 5 0
6.143597 -2.80251 5 0
6.143992 -2.80037 5 0
6.141129 -2.80031 5 0
6.137469 -2.80555 5 0
6.133287 -2.80405 5 0
6.129854 -2.80209 5 0
6.128876 -2.79920 5 0
6.131639 -2.80119 5 0
6.135678 -2.80785 5 0
6.140796 -2.81026 5 0
6.140417 -2.81090 5 0
6.142972 -2.80738 5 0
6.144111 -2.80379 5 0
6.142357 -2.79849 5 0
6.140471 -2.80128 5 0
6.141874 -2.79649 5 0
6.139196 -2.79625 5 0
6.137914 -2.79951 5 0
6.140722 -2.79924 5 0
6.142588 -2.80314 5 0
6.141942 -2.80442 5 0
6.142459 -2.80482 5 0
6.138226 -2.80378 5 0
6.137366 -2.80196 5 0
6.135263 -2.80206 5 0
6.136962 -2.79831 5 0
6.143009 -2.79667 5 0
6.144921 -2.79624 5 0
6.145350 -2.79697 5 0
6.144085 -2.80014 5 0
6.137736 -2.80131 5 0
6.136627 -2.79971 5 0
6.134390 -2.80010 5 0
6.136098 -2.80621 5 0
6.140173 -2.80844 5 0
6.140583 -2.80747 5 0
6.142367 -2.80483 5 0
6.139853 -2.80224 5 0
6.137823 -2.80055 5 0
6.138288 -2.79970 5 0
6.135386 -2.80199 5 0
6.134539 -2.80162 5 0
6.137518 -2.79869 5 0
6.137263 -2.80115 5 0
6.135442 -2.80204 5 0
6.133862 -2.80406 5 0
6.141852 -2.80527 5 0
6.146561 -2.80420 5 0
6.146758 -2.80270 5 0
6.150115 -2.80132 5 0
6.149541 -2.80034 5 0
6.143493 -2.80264 5 0
6.143084 -2.80013 5 0
6.140126 -2.80368 5 0
6.136094 -2.80225 5 0
6.134787 -2.79932 5 0
6.134153 -2.79988 5 0
6.135728 -2.80069 5 0
6.135523 -2.80349 5 0
6.138867 -2.80499 5 0
6.141236 -2.80251 5 0
6.146584 -2.79704 5 0
6.142252 -2.79716 5 0
6.136963 -2.79419 5 0
6.137444 -2.79472 5 0
6.137036 -2.79597 5 0
6.137358 -2.80276 5 0
6.134141 -2.80403 5 0
6.136080 -2.80715 5 0
6.137077 -2.81040 5 0
6.136239 -2.81699 5 0
6.134914 -2.82408 5 0
6.131779 -2.82139 5 0
6.137697 -2.81714 5 0
6.137917 -2.81014 5 0
6.132990 -2.81222 5 0
6.133742 -2.81186 5 0
6.135051 -2.81212 5 0
6.137027 -2.80895 5 0
6.141687 -2.80207 5 0
6.145795 -2.79887 5 0
6.143024 -2.79687 5 0
6.140743 -2.79814 5 0
6.136534 -2.80294 5 0
6.136662 -2.80594 5 0
6.131529 -2.80384 5 0
6.131537 -2.79982 5 0
6.133829 -2.80311 5 0
6.133400 -2.80213 5 0
6.132419 -2.79965 5 0
6.135308 -2.80048 5 0
6.137091 -2.80424 5 0
6.135927 -2.80404 5 0
6.136140 -2.80726 5 0
6.136634 -2.80658 5 0
6.137404 -2.80801 5 0
6.140074 -2.80227 5 0
6.141357 -2.79822 5 0
6.140623 -2.79706 5 0
6.138662 -2.79588 5 0
6.137536 -2.80128 5 0
6.137386 -2.80557 5 0
6.141718 -2.80883 5 0
6.145527 -2.80688 5 0
6.151767 -2.80227 5 0
6.148532 -2.80110 5 0
6.148041 -2.80238 5 0
6.145006 -2.80487 5 0
6.137634 -2.80408 5 0
6.128995 -2.80652 5 0
6.127521 -2.80539 5 0
6.128523 -2.80226 5 0
6.133874 -2.80159 5 0
6.136101 -2.80376 5 0
6.136709 -2.80110 5 0
6.138721 -2.80121 5 0
6.143106 -2.79521 5 0
6.144343 -2.79960 5 0
6.141487 -2.80573 5 0
6.137514 -2.80589 5 0
6.139410 -2.80224 5 0
6.143224 -2.79920 5 0
6.145535 -2.79716 5 0
6.146460 -2.79723 5 0
6.141685 -2.79856 5 0
6.133195 -2.79571 5 0
6.132896 -2.79867 5 0
6.133168 -2.79935 5 0
6.135458 -2.80123 5 0
6.134779 -2.80469 5 0
6.135325 -2.80151 5 0
6.130347 -2.80654 5 0
6.133908 -2.80574 5 0
6.137564 -2.80113 5 0
6.138848 -2.80163 5 0
6.137347 -2.80344 5 0
6.134914 -2.80181 5 0
6.136346 -2.79702 5 0
6.138934 -2.79613 5 0
6.142801 -2.79879 5 0
6.142299 -2.80238 5 0
6.140477 -2.80449 5 0
6.138099 -2.80530 5 0
6.135451 -2.80591 5 0
6.138981 -2.80376 5 0
6.138044 -2.80278 5 0
6.136702 -2.80195 5 0
6.138056 -2.79766 5 0
6.135673 -2.79497 5 0
6.139595 -2.79485 5 0
6.144737 -2.79241 5 0
6.145952 -2.79170 5 0
6.142658 -2.79541 5 0
6.140573 -2.79838 5 0
6.136483 -2.79802 5 0
6.136318 -2.79608 5 0
6.136776 -2.79631 5 0
6.137650 -2.79862 5 0
6.138729 -2.79817 5 0
6.138297 -2.79876 5 0
6.136007 -2.79924 5 0
6.136530 -2.80124 5 0
6.136336 -2.80144 5 0
6.138782 -2.79785 5 0
6.140327 -2.79583 5 0
6.139965 -2.79699 5 0
6.140918 -2.79532 5 0
6.137776 -2.79994 5 0
6.136578 -2.79888 5 0
6.136007 -2.79695 5 0
6.138152 -2.79767 5 0
6.137471 -2.79802 5 0
6.140503 -2.79498 5 0
6.143839 -2.79508 5 0
6.143117 -2.79944 5 0
6.137596 -2.79814 5 0
6.139810 -2.79672 5 0
6.142269 -2.79408 5 0
6.141751 -2.79582 5 0
6.135852 -2.80072 5 0
6.136865 -2.79984 5 0
6.138062 -2.79713 5 0
6.136670 -2.79483 5 0
6.138925 -2.79633 5 0
6.145742 -2.79585 5 0
6.152070 -2.79670 5 0
6.148913 -2.80063 5 0
6.142422 -2.79929 5 0
6.141774 -2.79928 5 0
6.136255 -2.80381 5 0
6.138347 -2.80898 5 0
6.138164 -2.80325 5 0
6.136303 -2.79921 5 0
6.138573 -2.80063 5 0
6.137987 -2.80028 5 0
6.139469 -2.80228 5 0
6.142005 -2.80078 5 0
6.141857 -2.79803 5 0
6.140616 -2.80115 5 0
6.141380 -2.79914 5 0
6.141288 -2.79773 5 0
6.139591 -2.79682 5 0
6.138330 -2.80108 5 0
6.139699 -2.80370 5 0
6.138119 -2.80457 5 0
6.139518 -2.80665 5 0
6.137716 -2.79727 5 0
6.134024 -2.79372 5 0
6.135850 -2.79518 5 0
6.142186 -2.79529 5 0
6.141799 -2.79679 5 0
6.139169 -2.80427 5 0
6.135581 -2.80354 5 0
6.137101 -2.80503 5 0
6.137316 -2.80357 5 0
6.138182 -2.80530 5 0
6.140920 -2.79808 5 0
6.143588 -2.79870 5 0
6.143292 -2.79832 5 0
6.144699 -2.80242 5 0
6.144180 -2.80509 5 0
6.143526 -2.80458 5 0
6.136962 -2.80298 5 0
6.138695 -2.80303 5 0
6.144951 -2.80207 5 0
6.146766 -2.80293 5 0
6.144960 -2.80005 5 0
6.146477 -2.79886 5 0